	A	C	D	E	F	G	H	I	K	L	M	N	P	Q	R	S	T	V	W	Y
-14	-0.007881040012860104	-0.2848924465880391	-0.04711309499470725	0.10346962824541932	-0.28282928602426566	-0.02918542971071522	0.0024362713985540702	-0.2609802891826276	0.021363779194576406	-0.06372601365861917	-0.16515490366554678	-0.18827109725422128	0.26418641124613407	0.06969335450090293	0.13247611392232464	0.2599028802247057	-0.03475216278435502	-0.14426017212130135	-0.39530492999974254	-0.24599344151937463
-13	-0.007167460138287025	-0.3339400970615997	-0.06594309661928442	0.07836533170512947	-0.2501630993248258	-0.018540784345410746	-0.06673579535092887	-0.3021790305693174	0.0433114928461789	-0.07409975032872179	-0.1097873925356791	-0.15095569407645945	0.30633855058358883	0.018667917795458035	0.13334719392457045	0.24818426064149093	-0.0009156355100922718	-0.11801171444124951	-0.41977223085258675	-0.3606790816751831
-12	-0.0215121758107403	-0.34858298952702466	-0.10142144804390105	0.10842528509219516	-0.27219464366357	-0.016687808620582386	0.0313514992793082	-0.27298835905093377	0.04077949578767425	-0.08254241992954074	-0.1512771809881942	-0.1529244662865371	0.2788305361492681	0.03383427087147111	0.1626304139186271	0.2455195996743392	-0.0051246911033615014	-0.15682144115989363	-0.42844655226158607	-0.24027750514922522
-11	-0.011984798330630164	-0.3172529644692351	-0.03148728536518756	0.09225386869447778	-0.27304930197718164	-0.024200770591868516	-0.05111354555258007	-0.3019726340961298	0.06180503831686497	-0.11036599257654202	-0.10890668525652585	-0.14955580624306256	0.3057562675978728	0.021241209286615298	0.160042042796015	0.2354091348623451	-0.040313729806462154	-0.11942280394168109	-0.4211833203530183	-0.26836181695374745
-10	0.011003130983385182	-0.28402615461121233	-0.0691669330354184	0.09748276978742125	-0.26596974185485306	-0.03617427348812268	-0.03759140031398896	-0.23426734002318994	0.021563042428239504	-0.09054844033239436	-0.1763256615196496	-0.18087263703504	0.29485166508183536	0.03787896173269808	0.1551166134506376	0.26343859534999226	-0.04355513615596566	-0.16039300686391617	-0.3219211471840031	-0.2795556300062189
-9	-0.04090109624563976	-0.365870716894826	-0.0458988404036937	0.0887059359216469	-0.29332004974621434	-0.01463773615412911	-0.005563244507706647	-0.35158222040693404	0.053608969633321325	-0.090993439832333	-0.12946324710754464	-0.11904538214903541	0.2921321726079604	0.0846105322360098	0.14998424485854905	0.2549467694274451	-0.0406030605730657	-0.12129715282494583	-0.4742101916836643	-0.31599365639768734
-8	0.003534037344420708	-0.35233096948245524	-0.027375705438347983	0.07521289599136669	-0.24691437257663035	-0.0295408281807748	-0.047787746859467864	-0.26627090532819936	0.011197311716541983	-0.10191627060160974	-0.1118000068983447	-0.1524491278848815	0.3016191422937514	0.015363034095334134	0.1577273947666644	0.27335206719193134	-0.03300635077551143	-0.1737880996686045	-0.3856183901756615	-0.2763947782479775
-7	0.018015796935407537	-0.2363763473758309	-0.024466120293654293	0.07695677329284599	-0.26270528609818006	-0.02886668411628129	-0.10544942071895953	-0.325236059373875	0.04432947795430179	-0.12732546581491194	-0.21501329576030523	-0.14330250646621545	0.337296975485418	0.03813551571314533	0.11849324785723357	0.25337684970407803	-0.033557297740324205	-0.1152698907977913	-0.42462758895964997	-0.30913040858419155
-6	-0.003061293792330873	-0.35398171800214456	-0.050389505573562914	0.05714960670152703	-0.29390681987616535	0.02403121435821818	-0.11844844557354371	-0.2379584304704455	0.032068054973672794	-0.08623914303136958	-0.1643176517571894	-0.1611617308920576	0.3057425745075769	0.04732088655672502	0.09534989051788063	0.2684136838814244	-0.0393353615729713	-0.109726434988579	-0.5246526947579084	-0.26031675980723523
-5	-0.013485930915610945	-0.43889027781684126	-0.007114273966812649	0.06038282487325657	-0.30322767581676824	-0.0070920018838362695	-0.07579630515244636	-0.29471764608090056	-0.009256591458154759	-0.09344114236444717	-0.23176478502119122	-0.16351641751539286	0.34171408717721613	0.06449067776421802	0.16373704799010744	0.26016364005086606	-0.015135455939089795	-0.17925296731108512	-0.42665582139982966	-0.27128712898667895
-4	0.0025447206756096133	-0.3368177238410333	-0.04287840783840561	0.0777584121894638	-0.2538434887762694	0.017077449230220167	-0.06560900205759404	-0.28753809474732783	-0.04717070240330685	-0.11885451401081916	-0.2601836668072884	-0.15984141356829992	0.32228076845729325	0.07440852695938395	0.06849920260058924	0.32604091733060003	-0.025451452710070568	-0.17887872712980807	-0.46066936480811915	-0.32302943935540007
-3	0.006904406343740343	-0.4577137284910766	-0.09353167653979762	0.06807389894284865	-0.2677713575381656	0.07388024868747302	-0.08794233534573072	-0.3037231948249542	-0.07221853927329669	-0.1109262422664203	-0.2011028726155083	-0.19569824931366014	0.3676119614488486	0.01566443426402197	0.26023220181436335	0.21346060536641853	-0.10453272748594485	-0.11588966179797044	-0.4789030275610147	-0.3351162076976792
-2	0.06959039069828253	-0.22585537922633667	-0.06986836063268338	-0.015431535479889288	-0.3426326370660359	-0.05659294167890432	-0.09090102201157252	-0.33760582382099835	-0.17174068476782833	-0.07945582463840854	-0.14942906889920962	-0.1933540905728297	0.4957093718846737	0.042731501352635155	0.06657444467572701	0.25599896116537796	-0.04680194815952841	-0.11660392754135997	-0.537609240282091	-0.4453943484824143
-1	0.04657647461473869	-0.32911468144224215	-0.024141981342546203	-0.08543749433021311	-0.25330443148032394	0.0995381473490525	0.04829738056896824	-0.27973980188606407	-0.035200036835303754	0.05140805289917088	-0.2427793173730554	-0.15417028160564955	0.3501908804027944	0.020719734216690315	0.07275799353998179	0.1703694765256651	-0.08327789524112468	-0.1234372365910988	-0.5175317792365565	-0.38236647291169273
0	0.0	0.0	0.0	0.0	0.0	0.0	0.0	0.0	0.0	0.0	0.0	0.0	0.0	0.0	0.0	1.1611509092627446	0.0	0.0	0.0	0.0
1	0.0	0.0	0.0	0.0	0.0	0.0	0.0	0.0	0.0	0.0	0.0	0.0	1.2924298239020637	0.0	0.0	0.0	0.0	0.0	0.0	0.0
2	0.03934303233390174	-0.39613630078918693	-0.06087086056996655	0.15862561402637865	-0.3781982857004466	0.0693763258118363	-0.21754974142362282	-0.2642440030258134	-0.023108570722894687	-0.08899702018976927	-0.31161026889643556	-0.30720873824074774	0.288545383040596	0.07200175011500372	0.0864563993250061	0.18638063093760224	0.05506968531333406	0.0187516605937081	-0.6979144352805615	-0.5187743570693074
3	0.028267514630700437	-0.48215869541127643	-0.11474374005519607	0.021339971102039872	-0.3392357996082498	-0.0408845275943938	0.02603509231041973	-0.35052365571559113	0.10312767624006043	-0.08675266497319409	-0.19794920175590378	-0.17728405205495504	0.3893819217477811	0.0681837297603017	0.17144324532583247	0.229939597669985	-0.04019664097299943	-0.1848215370144686	-0.4970078164501955	-0.4080892932797478
4	0.017525622322122583	-0.25708884415328637	-0.07768902946243286	0.042217269818080605	-0.26671882810557945	-0.03093707083767865	-0.11941903074006455	-0.30107692238581074	0.020323720867428594	-0.09578725155522907	-0.24088659715432725	-0.18553431264881637	0.3247891028629434	0.06178140466912116	0.09037040474498635	0.314321179742076	-0.007114527479511029	-0.12154451637237074	-0.3330169328031893	-0.4398674044331319
5	0.0015032362614985932	-0.4213085601959906	-0.08690240035318943	0.02582381196440066	-0.30693712063723927	-0.04212683957926752	-0.058130657783164875	-0.30851424279448997	0.054994043042991915	-0.09231868004351064	-0.2464563732558578	-0.20650892897181355	0.3734783418418089	0.04601581877285796	0.23478144765863687	0.22395959665894646	-0.0007525546983477258	-0.15613876109027341	-0.4103131758945274	-0.370195952686545
6	0.007819295195980892	-0.3830969299490942	-0.10944110692211217	0.03810725509245426	-0.3146927749176615	-0.05012891104523757	-0.007725711126098938	-0.34482662249681567	0.09904678512902293	-0.12049399463073031	-0.3089117313945617	-0.2119850247045865	0.31396540858556865	0.013220012793369446	0.2269046674802265	0.2751463149639329	0.017691487602584356	-0.12946181048534708	-0.4674178156491301	-0.3598327535795834
7	-0.024263860437026878	-0.37704350715762724	-0.04077356776974926	0.027043043706168224	-0.27014927324296995	-0.023619238225889638	-0.03179568391468834	-0.286081512432923	0.03883748510628222	-0.0853245854257035	-0.2603894359538137	-0.21909878168573335	0.351955727772605	0.064233141757685	0.16387283250445037	0.2520422970808616	-0.007577529398164433	-0.12935218113406322	-0.36424830891719795	-0.35265454391610657
8	-0.02792775163698016	-0.26520040516486365	-0.09303943973761472	0.03696401295146157	-0.24419745858948333	-0.06381192674344209	-0.036767473154201806	-0.27287141513178104	0.0540753037518485	-0.07979381992574087	-0.17222068578523958	-0.1391711608099452	0.3053648068000104	0.04330374601067779	0.18384950335219286	0.2751825019179368	-0.022190777962294034	-0.14419196218499605	-0.29828892753450936	-0.3218781348286431
9	0.006656602182034894	-0.3012853878982763	-0.0764988966500802	0.036341184741044794	-0.17634665128997634	-0.02015201900775975	-0.09182979906097656	-0.298562529562803	0.06039851881840097	-0.089950004688118	-0.26521516474073287	-0.1666528312513695	0.3145785412693878	0.04953342199913512	0.18937014027371954	0.23687162320086297	-0.007385868915437002	-0.17230129752524945	-0.4146209101802068	-0.25470459001633544
10	-0.008184159888454156	-0.31301457558383466	-0.08413662888361642	0.08704291403529972	-0.23676776287525914	-0.014123965930404898	-0.022994636084357572	-0.2725031563589615	0.02973918676467464	-0.08871421520930871	-0.21464474781673534	-0.18776989004995218	0.2984897466758529	0.04517735978081433	0.1729895433029852	0.24939758822388391	-0.03732018730776244	-0.13696763003075837	-0.327673007494815	-0.2609353652228806
11	-0.012271519075827615	-0.29059104254933793	-0.06554187696183233	0.08694026411904009	-0.256471859400737	-0.022127894138938845	-0.06082618428851704	-0.29153756195466346	0.058244173666144324	-0.08711398300402418	-0.2597008295309355	-0.17319522140961416	0.30203279123036564	0.08648546938004664	0.14074846002578212	0.2528540595733052	-0.03003458993985796	-0.13950205246371242	-0.35338187240879343	-0.30205642760917606
12	-0.021411357906465315	-0.2735156866715902	-0.028185841205710955	0.10749474437505585	-0.25966457477436045	-0.05362763782076179	-0.03722350916296078	-0.26480246464692947	0.048015004338842725	-0.08700388718646414	-0.17660567366353386	-0.12086396219625775	0.2938413303302495	0.050623577351817946	0.15575209713848115	0.2426679198044714	-0.04678717243714733	-0.14330830566259567	-0.3195285694665605	-0.32995380558065535
13	0.010044646927104814	-0.3816736588986252	-0.05911360739406359	0.09086485512354534	-0.1936831765432363	-0.05068043985720084	0.0007051357119003434	-0.3010640248685259	0.06932307907558694	-0.09122551414495055	-0.2328458466250752	-0.16856938889794917	0.2994999892647948	0.051610074549851	0.1466451719000688	0.23613242763293965	-0.022191902045763302	-0.14777327521352784	-0.42677511537397467	-0.2483113767689917
14	-0.01579383288853283	-0.23351235946560686	-0.03283875352791584	0.08519891073359565	-0.29045401697879575	-0.033489996381969374	-0.0850588398776164	-0.30703631383870905	0.06926079299578623	-0.05707072162375401	-0.2143138974243997	-0.17693498393078966	0.2880654527943126	0.05123768886251365	0.13932380151338786	0.2564671792642437	-0.03406478389811011	-0.16494346398518478	-0.21599395554242132	-0.28890018891017405
