	A	C	D	E	F	G	H	I	K	L	M	N	P	Q	R	S	T	V	W	Y
-14	-0.048573223705505285	0.04282131416261707	-0.04135181466435963	0.03563754248786483	-0.06127488220215371	-0.03555933261512457	0.057519333736374946	-0.11171140513381436	-0.02127149455601975	0.01710130671547989	-0.07949507418763528	-0.08447768856580712	0.13532017433917928	0.059267164703206296	0.02468586441845611	0.14629212284667314	-0.023477451294201795	-0.0600283681243194	-0.09252317096288411	-0.07350141457157865
-13	-0.050042255632497874	0.03877429793707374	-0.04670347062318756	0.04831928336027831	-0.05292217466970642	-0.05496144548327456	0.0487191631756183	-0.11329475394379009	-0.039180788641740065	0.020036201441803885	-0.07580563250518106	-0.08200917896798368	0.12234754074755237	0.04801884986880062	0.028606703037449003	0.15117043768206465	-0.011882288326049083	-0.054824140871981286	-0.10085966956194642	-0.027306683215166886
-12	-0.05415058821614888	0.0796059247722329	-0.04599616079946621	0.03833135920920296	-0.058943234342393125	-0.04466570460068129	0.0380614797810828	-0.12007551062259732	-0.007534514384618055	0.024612099112068225	-0.07089199366793643	-0.07741679591178788	0.113439058523433	0.062162981975937025	0.0295260278950727	0.14563653184398556	-0.02703890687319853	-0.06271863181068035	-0.0862661691017623	-0.05672941307130953
-11	-0.04809979922299125	0.1196160260067063	-0.03943374138199386	0.0502506246410856	-0.06556186574908651	-0.05426151581260503	0.03843827169288806	-0.11880153723159967	-0.026498713409352333	0.01577506166065751	-0.07027870150605377	-0.07882000008581057	0.1243950299164466	0.056523200142623894	0.026917931021607052	0.14879480784968707	-0.025104866388704208	-0.05664286130178961	-0.07690522017022816	-0.09470480536546011
-10	-0.05185556541330086	0.08117917444639236	-0.038404724815869526	0.04295984800344183	-0.0601351704164307	-0.045354954449345224	0.040708053665661756	-0.12165771504461131	-0.0278571692405457	0.016482872585387946	-0.07980932820793231	-0.0675492495322502	0.1102613155544305	0.05687673002958769	0.024648605640668255	0.1604350193656876	-0.021638843979486292	-0.05970327018676745	-0.0786377989294664	-0.06893591314970912
-9	-0.04706949291671209	0.08097827395617771	-0.04612882485124674	0.04831665078363481	-0.072726060263946	-0.05290844155146861	0.053417696352943876	-0.10082235189619648	-0.034518531388415936	0.02697171659381277	-0.060183307940272227	-0.07919514571970498	0.1135046618411521	0.05062434458224165	0.019511168485931787	0.15452306272558056	-0.024046124877036067	-0.0537116496256219	-0.06821520602009994	-0.09187337278326262
-8	-0.05113402926146341	0.15893422452167724	-0.04896217786933236	0.036322530216770905	-0.06305116761454768	-0.04390027821209946	0.04523331330989554	-0.1127243775425799	-0.042180949968801444	0.020443786900368636	-0.062447492794016485	-0.07809012291508838	0.1119135515833671	0.06237786233603903	0.021014490333205703	0.15757907358814685	-0.02257875968726894	-0.06523897191818784	-0.09567943563145734	-0.08897466419282775
-7	-0.04830244299189407	0.07389418735737047	-0.03437428004608743	0.04366176624235082	-0.06677471203511023	-0.014647781537242114	0.03527904888644999	-0.11486658211085117	-0.022044355758248504	0.006037698713779409	-0.0773776951553378	-0.07351583392840072	0.10582036397745949	0.05073676106551911	0.02443240617430679	0.15905950832097193	-0.021788296675377187	-0.05964577007261114	-0.08904222284802696	-0.09501336108318749
-6	-0.05127651786005959	0.06602344943640764	-0.05074358801862101	0.030928906194715874	-0.04602533600998208	-0.04346490652026217	0.03185239905693471	-0.10385732706993071	-0.02197234560505647	0.02776474846214691	-0.05650083513791869	-0.07965941990121889	0.10633649588999751	0.04099390753778085	0.020327800068582962	0.16582407004639935	-0.015152888728946198	-0.05418562629259787	-0.09090211929150394	-0.0977194063487277
-5	-0.038224821589760385	0.0833811060665513	-0.0676517206041436	0.006301260029754094	-0.02672380697032218	-0.04234610126944752	0.054547032354143224	-0.10626327719691664	-0.030184661432627134	0.028850633261874464	-0.0624658828743361	-0.07935960957384816	0.10419643735122942	0.043791326023765446	0.027904481138568218	0.1597747454090326	-0.022455487836900295	-0.04525000977584118	-0.08580418299375053	-0.08634102426078959
-4	-0.05244017569314877	0.04636444328962638	-0.053464899807034075	0.02217975242672468	-0.009879535018059448	-0.02956799946366428	0.034103937910878436	-0.12321350918602607	-0.04378520773467723	0.01011457085449126	-0.07064911592493021	-0.06351085373096836	0.11171974985970766	0.05305848310593797	0.016917213149947333	0.18954875966801316	-0.021089788073347236	-0.06813343048278855	-0.07217337207894661	-0.09900799879335952
-3	-0.05189486214454398	0.05586325764168842	-0.05045058062092523	0.006700951817460333	-0.02286178258696929	-0.05791382745509949	0.05267043993433637	-0.10650304639489677	-0.03165493051068035	0.01241658653638272	-0.0633457217141785	-0.08077104509333906	0.10035538962527003	0.039033099297805414	0.029804596726171917	0.19518739021400525	-0.0076687209986703985	-0.06084367897147622	-0.09803072473877586	-0.07339136735393409
-2	-0.055141227222446465	0.05474533711133347	-0.042587982317103125	-0.008612866236606719	-0.05080261841764643	-0.03932965890320615	0.02334173841913152	-0.08322999376441038	-0.07258075502532442	0.03898652211206773	-0.04321134799519792	-0.0475971857332196	0.10448948109442767	0.03462086468619829	0.0014805150279656963	0.1900381870443305	-0.0073461959276042935	-0.04729483249785496	-0.08511648375123919	-0.10043189153128246
-1	-0.04687439603249556	0.1009650175089044	-0.023934604690955343	-0.07968981875337561	0.03516087136180424	-0.029476180724574908	0.0916961697677509	-0.0679550329341665	-0.10039169097621085	0.02511933232731109	-0.10875779992489952	-0.061636175092620635	0.11260874044827426	-0.045482341558065305	-0.009592577543572263	0.21422101066420515	-0.01956564031864864	-0.04788071966562335	-0.11703539065206446	-0.056238169592130835
0	0.0	0.0	0.0	0.0	0.0	0.0	0.0	0.0	0.0	0.0	0.0	0.0	0.0	0.0	0.0	1.1611509092627446	0.0	0.0	0.0	0.0
1	-0.04394800609094241	0.11018762504537814	-0.04289112785754284	0.02326817225982372	-0.0010186382297014355	-0.00012280008983150403	0.10203853230945437	-0.11193262868334418	-0.05408785262432988	0.06719830028444364	-0.11664887019138953	-0.09132146475380779	0.0	0.08951206013300836	0.06530076899529433	0.2507476051921564	0.002592429080864254	-0.024352914953453514	0.013684019806079018	-0.04589893633967531
2	-0.060938933373115546	0.060636636861614336	-0.04507885042164374	0.011583702667526893	-0.04193428268919577	-0.056524906471407926	0.05593808673175967	-0.10073136537336055	-0.06918865474546762	0.05504314237601476	-0.10059774041248871	-0.09125772737995921	0.12449285406715534	0.03220289880985155	0.0030793875456181807	0.19274924383716616	-0.009774629118613305	-0.06102256046286878	-0.08871079444794276	-0.09139618230576782
3	-0.06921154341120715	0.04613003735002494	-0.03439168206422984	0.04864805690076098	-0.06888978182286903	-0.042466478401438995	0.04625460623949792	-0.11959497175360229	-0.04403508633818337	0.00709513156117777	-0.13341350126683713	-0.07144780121022154	0.10907176572587063	0.07113529741191427	0.026502151417336875	0.19397586699332636	-0.008031455700814089	-0.06585046448834811	-0.07490195963267099	-0.08698121696692059
4	-0.05350415840016453	0.027327076949458993	-0.04792921101954563	0.02969819173870566	-0.0726246540715829	-0.05545446876554431	0.06396597101436692	-0.10844580922676877	-0.030476225964227853	0.011125559006826817	-0.11743995204727777	-0.07563564480548049	0.10292389829272582	0.06541758651716066	0.03215496709604527	0.193414694471812	0.0031648815674822583	-0.060809375158734434	-0.09230697886183774	-0.0952123310214488
5	-0.05737689709158393	0.04673958056273683	-0.04496414620522123	0.021444241382992585	-0.06282529359975282	-0.06603833771436779	0.13097647328982243	-0.09266776654133727	-0.054079340198207024	0.043284210030160655	-0.09218689133644237	-0.08847559202390266	0.1043521958883201	0.052231620347641575	0.018177790021187308	0.159877690271282	-0.016807729801843026	-0.04240931990383165	-0.06833124222359693	-0.06856318551910244
6	-0.058422361813743454	0.05121029094178364	-0.055076216424777634	0.02668611911807305	-0.046189915777098085	-0.06946896521099825	0.08523397900524243	-0.08844107270971177	-0.03397586657259858	0.03092451382926932	-0.09468614024437767	-0.08749109499567742	0.1012453179244601	0.06517833198731357	0.03324472943570757	0.16595760198962572	-0.010265315477943272	-0.04557682859388866	-0.07971471015422708	-0.10080337507348781
7	-0.05363480598180984	0.045310810565428926	-0.0429766216591516	0.03560570450851449	-0.0581955138080653	-0.06001755502826745	0.0418782096986791	-0.0917831683032145	-0.03492686609105927	0.026888015961703194	-0.10401882218101978	-0.09076568542684775	0.09623769684934119	0.06811183072329266	0.04336155468380149	0.16009695385849937	-0.0022261574662730266	-0.04698857624350062	-0.0770852869532819	-0.08868970244137649
8	-0.05546717674314211	0.03953776643992753	-0.044986236712553924	0.03470267004069785	-0.04640146002208944	-0.05473415167810597	0.09239994865644469	-0.07891168398224047	-0.03995739998525606	0.022904341128744274	-0.10120800063436167	-0.08540752715684882	0.10290083374933263	0.0578268593626632	0.03016625120343755	0.15755995259494796	-0.013555889778806663	-0.04796760059061959	-0.0636283467686121	-0.09900488149820619
9	-0.05326981660090956	0.0351149661921635	-0.05450449749010523	0.03158563157308652	-0.055775690429294485	-0.05802349225614463	0.11978349172707703	-0.09539607662483118	-0.043834977424454816	0.027532695550399704	-0.09050603724705725	-0.07754388401555574	0.10666998174523161	0.05983683902590973	0.026762049769531324	0.1544539611446637	-0.013920744418048824	-0.04649877411508418	-0.07392662480632804	-0.07765165565141653
10	-0.05321409433398444	0.038395596112733174	-0.03895789483026552	0.032716536259748234	-0.05887220042819542	-0.05011514565321073	0.096324826932933	-0.10048680029985715	-0.040028456306728105	0.01943596045444384	-0.10268989586719275	-0.0803088814467351	0.10363956580096564	0.05636570944464987	0.033323134136653	0.16115865850185207	0.008711618902675904	-0.056012719209448676	-0.09494136021523666	-0.10396632021195537
11	-0.05460957233422091	0.03832001389894087	-0.036039595597448265	0.04630423083871119	-0.058202155528556426	-0.02306586621244265	0.053779616219927925	-0.09606668561829837	-0.046452299686562205	0.022044275284043027	-0.1016514955004767	-0.08224554123919833	0.10548339575742263	0.06160663385380701	0.019942771281788643	0.14980984964859828	-0.0004507823273650265	-0.056217230731281743	-0.09322222167184564	-0.09146222484459159
12	-0.05704389594119735	0.05249210991387734	-0.045579429547187106	0.06225491216633409	-0.06381641865876014	-0.027278283120239236	0.08480807940535441	-0.11217475494501396	-0.024912134147419388	0.02101116882230795	-0.10476881029869733	-0.07632931410948686	0.10261513578308157	0.052649008211069166	0.0319835233373807	0.14790093068437948	-0.022137613732012677	-0.060528207983634764	-0.1075991789228372	-0.08853950711042796
13	-0.056420475453362776	0.032682639725510824	-0.04338682713162398	0.05118871392081594	-0.05942021643861858	-0.04995122525028263	0.03948539791429399	-0.10311560695585152	-0.005940732047875982	0.018780532226322828	-0.10379926156629955	-0.077035742170166	0.11520916929654455	0.056385288247945246	0.03287393235422067	0.15107209702666435	-0.007281865659571126	-0.05619771502902684	-0.10111725072467302	-0.09254765449342377
14	-0.06296214717899727	0.03694967649966397	-0.038037364478737505	0.03997879787192938	-0.05047017103032005	-0.03680763324626804	0.06231844549346187	-0.11075258249540922	-0.01823746205608999	0.020036525369632407	-0.10186577403901872	-0.0796043026755769	0.13641321569462314	0.06489793405557442	0.0215458973327429	0.14767534189539006	-0.02243500595756895	-0.06310935438806012	-0.11451781697529105	-0.07133376801860118
