	A	C	D	E	F	G	H	I	K	L	M	N	P	Q	R	S	T	V	W	Y
-14	-0.005354452543270914	-8.52994673075391e-05	-0.07210752061857109	0.013218010672112585	-0.11632250021429102	-0.011231193034495936	0.042592915436368915	-0.22335083868318412	-0.1328047642216059	0.018106831279657183	-0.08512229016398454	-0.12406320718391	0.24744787554721706	0.062516336539492	0.004603281309276209	0.1925462099963846	0.004230868539140636	-0.0813867831609428	-0.09644171841454986	-0.11513079547349835
-13	-0.0017596477933835364	0.04995546574042417	-0.07712014536481959	0.008306773063187983	-0.09873274557152077	-0.004113278925258311	0.04879908851257027	-0.18911107060245208	-0.1166001351873471	0.011829403173788227	-0.13273983826088456	-0.15694101084357268	0.2589751070918027	0.049458787594191526	0.02811635949726829	0.1762120170355162	-0.0023005496336935918	-0.09994153585381459	-0.07760293482191444	-0.1224681274980884
-12	-0.008467120556881431	-0.015752484075315678	-0.07997015540516601	0.02641025193748615	-0.11906969922092817	-0.010885544019399238	0.04567483327498608	-0.18577841464250558	-0.14695631004662899	0.0027610053153733238	-0.12822929951630815	-0.1439207470663966	0.2547381957494358	0.07489781646453311	0.01950968180062173	0.20776529362656326	-0.015182454672565831	-0.07709425476303158	-0.08229881772374872	-0.1469918686074139
-11	-0.001368351657735282	0.005312466640015481	-0.09420615014295138	-0.0005021311547533204	-0.09831604802915281	0.0008623710561687399	0.050274181472950215	-0.17294054143805693	-0.1181222555163659	0.0016127429675204554	-0.1062879630449151	-0.15665840232242623	0.260618169609253	0.050623725995849786	0.020722402398250635	0.18517847049506317	-0.030473195317833407	-0.058089355078218004	-0.09460116682898129	-0.10204499646551211
-10	0.008358781325398959	0.02196454950373214	-0.08562271742333367	-0.006154668917741029	-0.0932062193199203	7.259647635174675e-05	0.09283186695887376	-0.19652153078627174	-0.15142516865141623	0.016066650054273244	-0.10187794466662826	-0.12941091654693102	0.2502436110910165	0.055220042279456844	0.011090003266189672	0.19913442004304605	-0.007627641304040427	-0.09474831332171302	-0.09072617994629853	-0.18935526269569528
-9	-0.007465835193835319	0.03972391420679609	-0.1077273265748365	-0.005382022464165002	-0.10031293491891066	-0.03563740591682825	0.0443172595723706	-0.1830097526099584	-0.12522939947539277	-0.003618334552608594	-0.08759709206773221	-0.15304378936413587	0.26430634691110705	0.05452410766272148	0.012722624992822097	0.20276351953014307	0.01840983579915056	-0.07093909285685436	-0.09091040411467097	-0.10474515008263521
-8	-0.017537942275991272	0.04331309314062494	-0.09986317000797951	0.013655081338953955	-0.12538354548983324	-0.027658604217462943	0.026147014033341413	-0.18329139353247556	-0.14047738335006923	-0.01021691095507332	-0.11311119913370292	-0.1552601052187099	0.2684143910575656	0.07312964305392826	0.028282953211178345	0.20119102280605494	0.021935614689785395	-0.08312788394797485	-0.06369870425561716	-0.11044582632731105
-7	-0.013128996590381897	0.02703281061049912	-0.06946948225348563	-0.006316728704713902	-0.13023812787670172	-0.01631732179331782	0.04051422636911889	-0.19362371482290602	-0.12639529004455363	0.003375213514828672	-0.10240309839186834	-0.15422257404911896	0.28474846098138396	0.037703633028317786	0.03355357713436418	0.19162142501462834	0.0034176375142668343	-0.0722148849069352	-0.08989964569378668	-0.15865015790002285
-6	-0.008018283561275777	0.03342488627958705	-0.09507116284950468	-0.011688399616241995	-0.09995856613150367	0.0005718815306282616	0.04364369415855877	-0.1785600764255579	-0.144653389581204	0.008824415678510193	-0.10795863487973527	-0.16662985669446698	0.28412265511179013	0.027794927607314657	0.01314923599049604	0.2055323071578397	-0.008357281873122143	-0.07235040856998155	-0.11447361447556267	-0.16045498915877654
-5	-0.005128288016711118	0.020310696646734072	-0.06942531468832552	-0.015664523479197345	-0.11085065479463951	-0.02504862629508936	0.019599062379698832	-0.2315943469733124	-0.14703004585275545	0.004925221073069104	-0.10120917248267912	-0.13277792257554064	0.29945605122823726	0.03976805571549081	0.02944219924627382	0.1969546439641397	0.013950589495494443	-0.09241193879833023	-0.07933360334857467	-0.14153823242257033
-4	-0.023122361184521725	0.020917361576996262	-0.13045248867046413	-0.022665806252672886	-0.11863223518312116	0.026046059812805493	0.03551986364038266	-0.1969426277568661	-0.1332721566737991	-0.018596676446581372	-0.1259357067936798	-0.182167754770336	0.2729891985587749	0.028284326094430913	0.031241065661107705	0.249625220816282	-0.0076335093871728035	-0.0854745560429531	-0.06039062192554711	-0.12897763041420715
-3	0.004940913505933373	0.05443886312917726	-0.0837576808470039	-0.04627071897593542	-0.10194737468509599	-0.029891065568472822	0.05102138883242356	-0.20539017442694127	-0.14610052340455035	-0.013469857479935989	-0.10019232479445614	-0.13383572239096475	0.3111799009341335	0.037819888077502146	0.034448486070451395	0.1995723896209914	0.0030764639632140977	-0.08556799362889493	-0.10253015933207493	-0.1501778881042874
-2	0.01376903259413311	0.08694179738481665	-0.12464736507929998	-0.04456684192629785	-0.08491391138569086	-0.04750662504959197	0.06416147670110615	-0.22281337494337158	-0.1367137732604089	0.0016182222289209838	-0.12351836330212707	-0.19693138997221188	0.32538525663458384	0.023980641319483575	0.017358908590064524	0.22022491768036798	0.029130444412830622	-0.12638323900099355	-0.09030073238272618	-0.16838063752872168
-1	-0.03837300272489389	0.0878066372327103	-0.13295205090846807	-0.15700611990311322	-0.053902309625482626	0.010986506401210464	0.10226159573024642	-0.18628138041105713	-0.2000013662571078	0.034775644662411086	-0.15275803371300303	-0.15493740961359456	0.3195571272539776	-0.0051939576031184405	0.008189717031942462	0.24759825123273005	-3.417390642837011e-05	-0.11871276855366916	-0.03783769576459835	-0.13121230548568358
0	0.0	0.0	0.0	0.0	0.0	0.0	0.0	0.0	0.0	0.0	0.0	0.0	0.0	0.0	0.0	1.1611509092627446	0.0	0.0	0.0	0.0
1	0.0	0.0	0.0	0.0	0.0	0.0	0.0	0.0	0.0	0.0	0.0	0.0	1.2924298239020637	0.0	0.0	0.0	0.0	0.0	0.0	0.0
2	0.06753733965431664	0.052700945650169174	-0.060740041670746675	0.06959872554644307	-0.12138433070791343	0.06359442833876121	0.020220283871293498	-0.30273729698288937	-0.17792976496554477	-0.03848755592939888	-0.1965811957639495	-0.19949640061116894	0.19375696506232137	0.03556297598723676	0.0260367738105161	0.21055535862508828	-0.022545094602327488	-0.05441155020492035	-0.0630172913085483	-0.15962504622629017
3	-0.0175944623830758	-0.016616684435374153	-0.10015080455447115	-0.004381522392894862	-0.10110634835447968	-0.02947944974003147	0.09759390698472986	-0.2140941568613079	-0.16785321765870162	-0.0027061848828711503	-0.1293477008362793	-0.1720461305769153	0.3134310464549789	0.05621534499464648	0.019420972594132422	0.2097789796352279	0.009308120377712208	-0.08718582739010353	-0.10633059315262547	-0.1329161510576078
4	-0.012905077146645518	0.04473878684337762	-0.13093113385094804	-0.045543241997164065	-0.1424532550052205	-0.04565721509371198	0.03686471091588881	-0.1767051787382524	-0.11023284046576232	-0.0017268704969117517	-0.13669399121873424	-0.16525121317847055	0.30740105958662833	0.06058556010519164	0.04803043283619916	0.21268630558420165	0.020678079957015618	-0.0835757983481223	-0.07096959401035684	-0.1630648765757712
5	0.015948450804672727	-0.019030729978062075	-0.10638811618028964	-0.0017302777987343158	-0.11341504813428478	-0.028486565728732056	0.05073762520564628	-0.19601505120911975	-0.12332365869623273	-0.010055125180272196	-0.20588310680786662	-0.15582522746458088	0.300283955072689	0.06787004442660442	0.03946344688123923	0.20138176204884797	-0.006727436386445501	-0.10005811496546096	-0.07087915766151995	-0.1337052935364701
6	0.0005630499666634125	0.037634855532317255	-0.13057299784145304	-0.027714434202808162	-0.09660339998081519	-0.06191303683827809	0.06744107723532188	-0.17173119845940943	-0.14771559047405308	0.018429864166141882	-0.18177500971762742	-0.1765545786070904	0.2642461244258547	0.065978769869117	0.03973298312808668	0.20613042214516103	0.04899132566772888	-0.06898049589171086	-0.10466677229286787	-0.13489820286234827
7	-0.015818017013307515	0.029209381199502372	-0.11598633865252996	-0.05636147744164818	-0.07155388368677004	-0.046906029180543096	0.03977011394760699	-0.14527563062047863	-0.14029693941041343	0.03456049973659227	-0.15389693399964305	-0.1720898260699169	0.2829998438424206	0.04412117984408455	0.018391043492055118	0.1966663330422398	0.023957975463217082	-0.07189496159788748	-0.060446002433012805	-0.10811019703457267
8	-0.012950813718067116	0.04386520364641134	-0.1085268033417209	0.0015576502590991313	-0.09714514239549325	-0.023679620522443438	0.03673168200058939	-0.1927088258968797	-0.14471908695082214	0.014872311324569686	-0.15012400674337867	-0.15516647123441488	0.27174858111370115	0.03314133825463823	0.009428152915797652	0.21397518616328648	0.006059074565350271	-0.05890533884151126	-0.07255304982982638	-0.1520299907111081
9	-0.008087007686558803	0.022123271930578486	-0.08246457649486032	0.004474674772238203	-0.12139376701406633	-0.02527793652547385	0.0713774402490288	-0.2035073097083415	-0.12745848983054836	0.002274906328573707	-0.1481869436020029	-0.15078225328968306	0.2760099652178556	0.03768555130320457	0.021023556621538275	0.21557835964672187	-0.007243244300702534	-0.08049498363195585	-0.061759872969402795	-0.15743133522352085
10	-0.009320544961419902	0.01742957888973764	-0.062006759371919136	-0.014990076454947975	-0.13239775072174945	-0.027230860513042614	0.055772991962245236	-0.16791287436401936	-0.12945456135729827	0.012671622783846483	-0.10469421956043881	-0.12668998705747322	0.2839814687749321	0.04274103814756166	-0.007000333047855721	0.2022360344891483	-0.005392302305627009	-0.07387419533533436	-0.10679057672135454	-0.17106422198874205
11	-0.009283279246283967	0.020852540187741617	-0.08028202983788342	-0.003139413927185885	-0.10116655865545186	-0.00759205103142796	0.0527960663859378	-0.18577577948945567	-0.11685474115535233	0.023076135361392365	-0.1551471824608343	-0.15881303846738393	0.24966724485795352	0.0468019946476124	0.026374667532115325	0.18361167862404595	0.004962176370536251	-0.07453990801443516	-0.07550854355165443	-0.12134796873796701
12	-0.03137337196571119	0.04934558104650765	-0.045442027592168116	0.0029028383360529954	-0.10890697699375602	-0.02444613605068121	0.02362123390293653	-0.1816222727413437	-0.1268971158086706	0.008586748321747242	-0.15112484667138332	-0.11860825612557062	0.25681104348904576	0.06704753060090371	0.03437693489828775	0.19311117491429117	0.0024322034797556124	-0.07453937876534525	-0.07664154347441551	-0.18052738225043743
13	-0.019707327910867278	0.04430492177788231	-0.0513945274756055	-0.000471278158956393	-0.13589792819488714	-0.03588465726902929	0.03972302340320202	-0.17968032038527687	-0.09797381994572982	0.0024872141033020836	-0.14983083997144156	-0.1284862787967323	0.26650180326210127	0.04458514738622053	0.029743407976820103	0.19309199739235175	0.012134314338144237	-0.07633866930170793	-0.0945703138331844	-0.1541118120614094
14	-0.020300171445862176	0.0022889498896571216	-0.07695142809105689	0.001047398209611595	-0.12111517564517471	0.00425807273714295	0.038962075513506396	-0.16504433853040623	-0.1454968248797005	0.021173395448680684	-0.12694126908776937	-0.12892162117808226	0.24647739124661097	0.047558721993343725	0.016303252846123408	0.19977192665252663	0.003914427054450232	-0.0682441712538985	-0.11127024097514404	-0.14980603206683116
