	A	C	D	E	F	G	H	I	K	L	M	N	P	Q	R	S	T	V	W	Y
-14	-0.0310218623566331	-0.27465038629623156	0.03845937496143275	0.1536470082946322	-0.21019239706931306	-0.027126818473108955	-0.07474688804147026	-0.257687088846148	0.11606523403208534	-0.08536338620235046	-0.080701699493545	-0.14435818304812545	0.17291295957088323	0.048632464444656534	0.14589137949747621	0.21934278996086465	-0.05015975605104873	-0.16991503577621853	-0.33839203605163337	-0.2869649043748033
-13	-0.013362501128516627	-0.29375120345067	0.003316861762289405	0.1499462957820427	-0.2276669652096548	-0.024095710146641733	-0.03376436014383051	-0.2500471185210537	0.11522508161663278	-0.08209636860278856	-0.10316014756475571	-0.1021062169475671	0.16719792836609412	0.030388060572738098	0.15502582131131767	0.19796378007361634	-0.07108534262073453	-0.13854471047306208	-0.2719058702954063	-0.21108162955722387
-12	-0.0459062903707182	-0.2715970713487865	0.024051628752304932	0.13965476045346645	-0.19257458767979072	-0.03786579532366865	-0.029364280698982767	-0.24187351161734771	0.1313503792851657	-0.09026275688073336	-0.10018713081967104	-0.13138170957970133	0.17210042788392627	0.051267738427140996	0.15257519721652188	0.2148461969549392	-0.06432465212503512	-0.14761178074780912	-0.3640402480642482	-0.23327631184777686
-11	-0.02885335369752195	-0.3146608985635822	0.04394729089513615	0.1397456094977651	-0.22154387457266494	-0.03776458261632036	-0.07119302940035414	-0.27428062669948333	0.13076138796393807	-0.10366744997935134	-0.06833837956402532	-0.13829324146055966	0.15650960508682643	0.011857404363070558	0.2048728149150958	0.21176090261783184	-0.06262850941032112	-0.15791910820589267	-0.2910378532171581	-0.21350791897612292
-10	-0.033349486455364716	-0.32853173658279644	0.02921061950867435	0.13626543947047637	-0.2303272532217412	-0.005137760348355596	-0.09036564302893454	-0.24272897113972386	0.13924896113588295	-0.10618465704153603	-0.1088490487229477	-0.11413299622912149	0.17551532489806382	0.05434142568668591	0.18729973900223057	0.2029969116825109	-0.0701413457298241	-0.16034717016239972	-0.38692072257814414	-0.29185979397049455
-9	-0.05725438413755598	-0.3211081790444756	0.03745519015901715	0.16043254885401312	-0.24636307454957676	-0.01864911173267086	-0.09696278482738131	-0.2581482702998416	0.13911137521680586	-0.10026163894373731	-0.1024488769226347	-0.0687742825262799	0.1484004181842343	0.016330294577847196	0.20758847870736474	0.2068072482026287	-0.07127559182676871	-0.172283079339791	-0.28762838194419527	-0.26568653636486345
-8	-0.061373091361569	-0.3180028103327558	0.020721593151104115	0.11170594175524456	-0.2317117733349934	-0.03961047333364949	-0.03665959948617285	-0.2376750941846127	0.12511823422685162	-0.07004895261878062	-0.038293261099486796	-0.07376058182797854	0.16469102772451602	0.01426782148298833	0.2049993315905211	0.20678732525282703	-0.05964755088911376	-0.151186162647143	-0.4376785106457054	-0.21899980781885567
-7	-0.049946855412622414	-0.3969950812965349	0.045503509927002625	0.12959284846279906	-0.26397332215359404	-0.010675455155779582	-0.06328173259421765	-0.3039387226511192	0.13343386747190067	-0.12603078529218614	-0.1024991224656133	-0.10415678422047962	0.17379178792413663	0.026332808118614062	0.20810606294601608	0.23690382476774177	-0.06426086028942013	-0.17128389126364937	-0.3466003160693696	-0.23542328126991402
-6	-0.04970030420991968	-0.4428414300001886	0.027879806773380533	0.14171798746870012	-0.24857620201592073	-0.04160334589862611	-0.0703235013332195	-0.23639025698835342	0.10905580371488473	-0.07544191979523467	-0.1469455503352801	-0.11653488754048918	0.16700880575402566	0.02540796418929409	0.2291030925902267	0.21979007984166318	-0.05232543940735787	-0.16192645040040202	-0.4055171069763763	-0.24196650215741083
-5	-0.0653755306372439	-0.49094120535678676	0.058883653260577574	0.12852721769163436	-0.1860507888795675	-0.07365230075289426	-0.02382508275454868	-0.18467517796766428	0.060426077734988266	0.04872169546951785	-0.055385009078780446	-0.17154805721343394	0.1141494645778839	-0.00041013631217810684	0.23193226693232966	0.17244167920865147	-0.08363879737947627	-0.1266054757041343	-0.38874559588704655	-0.20935284249322353
-4	-0.07981127501864262	-0.4826537433196235	0.0695803953132511	0.16112833871171503	-0.2163858539148542	-0.008359811522777393	-0.04740960714015295	-0.2653556373774179	0.08974441639068828	-0.11933124477364807	-0.1818769067895396	-0.09536697730859055	0.1117162291787041	0.06098022355133352	0.18719442210987614	0.27181422190232674	-0.07924054407031067	-0.15089427530229238	-0.41120581349281676	-0.22843840688128889
-3	-0.14496571124046298	-0.5184740579290186	0.0868008430036243	0.0632713465721405	-0.3035900884454842	-0.05957338896076466	-0.027647971552762617	-0.42181242610125436	0.11071452110122333	-0.0953892061453993	-0.20103333723251898	-0.19405962666116228	0.003241916959526537	-0.04124582094944742	0.5466996463833071	0.27137532842629664	-0.15850515073690832	-0.3446485723699003	-0.48414602914912525	-0.37149779057116755
-2	-0.03923709161159964	-0.40435629500875536	0.09773598804034754	0.10755212696334007	-0.26974189486520217	-0.07200036859920186	-0.04737006849457226	-0.33885474625232304	-0.04825427880727399	-0.15833187239756688	-0.15439992371183975	-0.01280482485891136	0.046646384025804	0.07611860171849484	0.32204791609010247	0.31700718821568435	-0.03379499641168976	-0.209496920823978	-0.3514438735603436	-0.2836737766084647
-1	-0.04700835202035709	-0.4354209477760414	0.28913280267192953	0.08440152534219961	-0.1805982557444361	0.15858167393426695	0.039780467143195476	-0.23812342469087375	-0.11468245538874076	-0.00933366108224925	-0.06341667319840352	0.02963609005914615	0.056723180528127685	-0.04658932408905926	0.1059412031983093	0.1603781959589531	-0.24637277986998352	-0.18303715839693083	-0.43044001248567537	-0.30753371494133735
0	0.0	0.0	0.0	0.0	0.0	0.0	0.0	0.0	0.0	0.0	0.0	0.0	0.0	0.0	0.0	1.1611509092627446	0.0	0.0	0.0	0.0
1	-0.09253953885290556	-0.4565644861035725	0.37945587304964074	0.2338053464705288	0.08952635874521794	0.0011283839169902764	-0.28698040930396496	-0.12150219749193854	-0.3200894578105184	0.18030799659670482	-0.08095067370021011	-0.26442441586094584	0.0	0.19218662813725637	-0.09889433638491271	0.12390492475380373	-0.19885587636691876	-0.06078021739788142	-0.17885791902221512	-0.31175962131574403
2	-0.1698158891997942	-0.41108150963450785	0.3302325765880342	0.37725613168055677	-0.4059721038560275	0.03858941765210066	-0.1349999903497037	-0.3055779799391411	-0.14405930917271495	-0.22070335550107611	-0.40428223992665274	-0.11407417773251813	0.20442336195205843	-0.1043849631741304	-0.08982064436863069	0.3089341171601245	-0.06151536284216486	-0.22096841164717548	-0.7516724944394696	-0.3915493495980849
3	-0.11496389911321522	-0.4446052276251815	0.3073219152389366	0.4624182891807385	-0.2611528689231311	0.024517371331635986	-0.18922514400215185	-0.39821786823487687	-0.09640448118200856	-0.2093813919620072	-0.355183236009675	-0.06061225665407303	-0.016920398638841656	-0.052957469545842004	-0.0412405358599802	0.30660977435835923	-0.19532978542539053	-0.29232638889967005	-0.4785064922112573	-0.37017962741594224
4	-0.10593673293727356	-0.4292606390712229	0.20348821403508316	0.2588723649567008	-0.19596491191526882	-0.06598554100378617	-0.2167774124995337	-0.140777858489607	-0.14974010060587237	0.07623009601932536	-0.14472482126879996	-0.1650678593702641	0.09314181903079446	-0.03138642760890195	-0.06126118645848339	0.26605832574455807	-0.029632275677018042	-0.12359617361742335	-0.5269420456780046	-0.27253518662948983
5	-0.08753949003143575	-0.38914594036852235	0.22682984801975406	0.28744711096888	-0.22982489156273408	-0.0696408755171728	-0.07210715813838331	-0.2390190675254701	-0.03815469879879731	-0.07862132542784311	-0.21278059201254546	-0.11767765430137805	0.2023353132154347	-0.008894577221079798	0.03544165505371464	0.20391673878131997	-0.05217152451351163	-0.150574567340651	-0.4463328927099792	-0.2922359273604658
6	-0.0528490958069937	-0.4027770696103474	0.1661145584649604	0.24444253698625906	-0.22668581055466613	-0.009976700590720854	-0.1340172063061205	-0.22974934475643713	-0.005443678092373423	-0.07480755676948267	-0.18736242999940092	-0.1567785835444146	0.13487502123787196	-0.002971799022062379	0.062324354089260264	0.23447202091448077	-0.04728754227904947	-0.11431343292588518	-0.36438067869604146	-0.26126482470243806
7	-0.03905923204814576	-0.30304387096558916	0.14783992634868437	0.2237633903098744	-0.22916209194964673	-0.022955265803172295	-0.08252690553271848	-0.2108139257179736	0.06161750293943622	-0.07778047050825682	-0.18168802017429697	-0.12250246386507725	0.12100160554512825	-0.006161227995266947	0.09970688239847304	0.21277447309726738	-0.08504813687005079	-0.1477713525257067	-0.35925021876281943	-0.21537380746401338
8	-0.0701479949981316	-0.3508190828239443	0.13529289627559554	0.21512490025530343	-0.2179529778135431	-0.03461303286674987	-0.06805650116408958	-0.2541679122683122	0.08784392007654254	-0.07062687307278863	-0.1609792244365755	-0.14643339536811129	0.1405570684574212	0.005616725865297868	0.12823999157370872	0.19809620604085226	-0.04747078370882969	-0.13230786726561977	-0.3991237623984993	-0.24356303174127183
9	-0.04477142152741939	-0.3249066549126117	0.0738635862468373	0.19228945488838103	-0.23016270366106298	-0.017615196624505728	-0.08891748061302439	-0.2589568967716545	0.11372967224191892	-0.09132235126828835	-0.1379100487656795	-0.16814948275045197	0.14086892059639194	0.05092611841428293	0.1629133203864808	0.21156657596975803	-0.06813525747940793	-0.1410072068507076	-0.39401950629973254	-0.2781049357125184
10	-0.03988979773618138	-0.3144016608251576	0.06878699317206341	0.19040648789669706	-0.22648180039987378	-0.016532274083225062	-0.05846443218421203	-0.20430335580346293	0.09323195172323125	-0.08413765198425399	-0.19748089623270582	-0.12480960714003825	0.15256306298171807	0.028701603745268044	0.12986870420815194	0.2054267967424383	-0.04059920648407478	-0.1521159439266638	-0.41817511841174904	-0.2389954202139781
11	-0.0403158995454255	-0.25346174182399545	0.05356835430951378	0.18274348519443115	-0.24161246900820085	-0.04660329248448873	-0.04078885498150488	-0.2674581658923883	0.10540355717957994	-0.07787848900462527	-0.20128373015892395	-0.14539305814074374	0.1444420288337607	0.04824384819230648	0.1805846160234955	0.20313928572189377	-0.018804658681363988	-0.15896651007078852	-0.33929387561498253	-0.2808351962098882
12	-0.037382702775902873	-0.3242100478860776	0.054333227362518464	0.17516413441253983	-0.2419480435859337	-0.02840185504085309	-0.059478868813727596	-0.20935226117304168	0.13781917333862181	-0.09808955394931494	-0.18241637656769033	-0.11854484715183912	0.13977719058221008	0.037848606914572334	0.14183059621326888	0.21092423913835748	-0.058657879503396605	-0.13682590858267066	-0.3782560528706432	-0.2487287582139863
13	-0.05904379765065241	-0.2729545293350898	0.03931422103846242	0.1733860358619514	-0.24104815067164434	-0.0480113430497781	-0.06600718108046111	-0.20252046172994442	0.12243634863489154	-0.06522210962842137	-0.14173206789770953	-0.12375115635721982	0.1356599789527846	0.02840784062744353	0.16754648553121407	0.20208250773850156	-0.07196511791434058	-0.11446746699636766	-0.2541698279935494	-0.24811000515913126
14	-0.05987738709696646	-0.25194615484958915	0.07225542997595527	0.1789251828327159	-0.23548670989517684	-0.04480155420498753	-0.03359619000615023	-0.23231543181733189	0.12598448919932206	-0.10793297722077104	-0.1773452382191967	-0.09200196959406652	0.1438321777492437	0.04299496586151496	0.15457037652876052	0.19157301931665882	-0.04497647097504829	-0.11621329972525346	-0.3438261846840151	-0.25092520351273395
