	A	C	D	E	F	G	H	I	K	L	M	N	P	Q	R	S	T	V	W	Y
-14	-0.05703170724702503	0.08348497229664849	-0.04936893082676079	0.034032087716775045	0.04600564672667678	-0.06937710295221992	0.045084591094704585	-0.08018516997306414	-0.02005802800588195	0.027225585424082505	-0.06531952083588684	-0.07196654207754857	0.0934659582062114	0.04759424807055636	0.0045000339106692185	0.09422454289881682	0.01225710597769009	-0.03463938275323978	-0.07045838410911348	-0.05105596382815156
-13	-0.04491722446522535	0.06052074708989024	-0.04542824449171626	0.047052912426880845	-0.051621617401637246	-0.06201197069448929	0.038165496282801484	-0.07473351527018791	-0.020351073000063617	0.027250673081092417	-0.06426639008170033	-0.057890082784964506	0.080669398455386	0.048412988120334004	0.011610059457554929	0.10963527981760017	0.02218883180927809	-0.02910036542920903	-0.07462555083221724	-0.0653470798541205
-12	-0.05503355915064409	0.08764595186238722	-0.05000791898795479	0.04128811465667121	-0.015326939984739935	-0.0585253346381808	0.04009283872970671	-0.07224212465411572	-0.026261600818612115	0.022647849312040454	-0.05422514533803642	-0.06403251182864772	0.09025489861898398	0.06232572358270339	0.020492028041755383	0.09651133308625286	0.017998467216984945	-0.04109490489997093	-0.053011987270698314	-0.0696058737581479
-11	-0.05592549132936239	0.09468482315210888	-0.051051557628549286	0.040305521909258984	-0.050617040779812356	-0.055497010020950234	0.031211122505216266	-0.07965153609758312	-0.025646156829758165	0.022777245838568005	-0.06134456759698729	-0.06610807502142325	0.09727148301865343	0.048054907325654345	0.018063269695916574	0.11744262542996083	0.022991434516441617	-0.03279841214491479	-0.042357482912280246	-0.09285740135801147
-10	-0.05194933510449794	0.04413543215939262	-0.04721150508788183	0.03285987197371104	-0.03954212599777784	-0.05759894227210201	0.03459403389613812	-0.07903396965251291	-0.022062020415540513	0.025108914199100534	-0.07084099856166547	-0.06327689380757225	0.08578768057370244	0.05516996350235699	0.0012162416531770518	0.12632657810943865	0.02779022514072823	-0.028012409482569608	-0.06595967473401444	-0.06608118559569111
-9	-0.04810207727284929	0.0704781352141674	-0.05507127880602903	0.021362322172265556	-0.05309267413649284	-0.0676557242812589	0.06373025041749535	-0.07348759123583747	-0.015718125221856147	0.02881581779539668	-0.05848632923587489	-0.056066451682584506	0.09959690966378663	0.05749439138605395	0.007543282573250196	0.10404374390987442	0.030354423880093757	-0.028991740918247935	-0.06841806623915148	-0.07462675152902608
-8	-0.04574063875863262	0.06810160640864152	-0.049802743597172835	0.027264566313444497	-0.030562999452742816	-0.05816172150038295	0.035116269933848594	-0.08053992441434063	-0.041581061654040616	0.052272072860036	-0.06177488305751522	-0.06547258949292	0.08717647620121828	0.04418583522639457	0.00446178210063804	0.10546575449157387	0.03338104387889752	-0.03508335347072879	-0.07889242054737015	-0.06964544669461196
-7	-0.05112808082994867	0.02751973763840653	-0.04792148014210776	0.02830837158222765	-0.01426880300482114	-0.05394327706335992	0.042622832872009624	-0.05977977512314687	-0.02413435141966006	0.0239468703195674	-0.05565479636292586	-0.05809932723015563	0.08796701920325571	0.053441794498369305	0.0004516983388067421	0.11186496558151451	0.02471006874282186	-0.03009648566895133	-0.07761030697241665	-0.07151766538308654
-6	-0.045152092126783186	0.05330737882361685	-0.055199019256416154	0.030930280198086055	-0.04073080316717004	-0.06360065564139056	0.026068864687456707	-0.06834288901731579	-0.03279311503068192	0.03491651080642688	-0.06175507954133032	-0.058450159795964046	0.08862773249931091	0.04318337962033407	0.023067635667345522	0.11227681910866139	0.029259320463530362	-0.030888939591588317	-0.055850391484470054	-0.07665918425653144
-5	-0.053988144339109916	0.06575934611895777	-0.048483622951679274	0.01088321978085054	-0.038915500850956936	-0.05095591221494552	0.17202779480026373	-0.07784055860612812	-0.04037146083578151	0.026457118646552633	-0.061143604917568005	-0.0649576900250503	0.10146459508350844	0.04370717614732313	0.004235917662092445	0.1009097224255984	0.02455614224572321	-0.041638238118593865	-0.05811891908071993	-0.06842716563739557
-4	-0.0609291408826857	0.02515400366226767	-0.05986095737667135	0.03208259647421256	-0.04535197122049504	-0.049122356145773864	0.035040885579730105	-0.06803110771293257	-0.01931075042059842	0.014030678937940648	-0.05780103182327549	-0.049506127076781294	0.09595390285111137	0.07504073506263975	0.009114215193248044	0.11727254721460202	0.027586393302281353	-0.026450608641355945	-0.05783257443736515	-0.08272559589744823
-3	-0.029697502026246915	0.05321760933339512	-0.02967149818527571	0.016021091711207507	-0.04154706255282059	-0.07560797562861771	0.0827284018501564	-0.06293028494661443	-0.032468099568340784	0.017386178500013092	-0.05661746964053634	-0.0598644328267118	0.09062201174252237	0.030904490295472955	0.019561658278750123	0.10802013799061129	0.022585507817807198	-0.018121230897454474	-0.10805530660181199	-0.05479786571287501
-2	-0.06738869812142365	-0.006816843153566996	-0.06576898724615232	0.014795861918731086	-0.034290387876878305	-0.05685212319516109	0.01536088460866077	-0.027693278107747816	-0.04848479643416162	0.02415335844320932	-0.01568312673870235	0.02231431475260658	0.10760049528394129	0.03002826447486458	-0.025781887802502464	0.10606114331716548	0.061039033220957294	-0.025633300990799423	-0.08913356005968051	-0.08027492021100448
-1	-0.052174786705646424	0.024066637669704943	-0.05591295177131514	0.008636083744384255	-0.009151970593628303	-0.04738135993723847	0.146592713481416	-0.03854582631247324	-0.007678029670449394	0.027924755178094358	-0.06516229127007116	-0.07708691508128504	0.037643889722038575	0.01290596612403264	0.001499050104787577	0.08219802741047866	0.005661807230852381	0.03267824492629065	-0.050415631007354425	-0.04599000726063645
0	0.0	0.0	0.0	0.0	0.0	0.0	0.0	0.0	0.0	0.0	0.0	0.0	0.0	0.0	0.0	0.0	1.2291479883578558	0.0	0.0	0.0
1	-0.0065223523355773	0.1377354817819404	-0.04229298532189276	0.048584344590300504	0.03168746053202933	0.006511548332925167	0.0872665913008665	-0.0487241383830367	-0.05651417953326272	0.07262100205184163	-0.07760793927034557	-0.10204926833290823	0.0	0.05434490972053682	-0.014302686785601409	0.13191309058710157	0.039517523256079025	0.06453841655500014	0.008524255369670688	-0.039200806234669525
2	-0.04760527301092671	0.023968300469911327	-0.06374278603095793	0.07968465824707154	-0.05474578169513251	-0.09603851013715817	0.07298259772480242	-0.07105383736085426	-0.030161861861826744	0.02473688080098507	-0.08027932657736242	-0.07033731115980368	0.08240359297895446	0.050222784612106386	0.007221988710086621	0.11172584696499183	0.06968555877761316	-0.03485959482972833	-0.10360938717950101	-0.07977793975539617
3	-0.0657768960755324	0.04911717222468689	-0.03562354268177382	0.038431468311810935	-0.05505958799793949	-0.06387685118945009	0.02538386445155832	-0.06451411225555816	0.019872710438339547	0.012768180474810166	-0.10199029692763388	-0.050887704755527195	0.09671771866903894	0.06970616804454985	0.013533865052254327	0.10871334914235806	0.023564291883373997	-0.036999259073843035	-0.05720056143545096	-0.08262282890877108
4	-0.06989583030716524	0.03310255024213218	-0.05679689898539087	0.03552241046154036	-0.04363672058038139	-0.08723639963383147	0.061554535278859894	-0.04591274258906606	-0.02544922758110644	0.042916529547323515	-0.07322978356215139	-0.05776225265347175	0.12011349223237211	0.04162295009058602	0.007610633082106171	0.09856256985225859	0.026637055725591805	-0.026400580821263432	-0.037630928987530864	-0.06790389727009076
5	-0.044305733188145444	0.03599161846792383	-0.050552136799875254	0.024659584435371296	-0.022092222157312952	-0.07342003114534211	0.06440158175659413	-0.056916629369330694	-0.018025001761361358	0.036856977724496726	-0.08153077154272609	-0.07456950666170359	0.07359750746223953	0.043873228126297965	-0.002163595545120033	0.09751729726137544	0.027252127637739328	-0.031365387835916136	-0.07375561924530484	0.019984781861566953
6	-0.05394667772626305	0.04030558171998256	-0.05666100432204368	0.04020953731975155	-0.03945728664449778	-0.08266887005076924	0.07607806299837654	-0.0668121172914911	-0.005603711113348637	0.02645027948035894	-0.07009633168615505	-0.06927169590256585	0.09286835741032966	0.05659808380470631	0.013997316444513578	0.1033486927060466	0.03238510545438292	-0.029057550130331886	-0.06479722223813968	-0.07013073027601006
7	-0.05265828128732315	0.16386114400223045	-0.057497404930493864	0.029687483631127658	-0.034104550486363044	-0.06765338931390577	0.038432726204380596	-0.0721805523035257	-0.03817727411113081	0.0378516676582271	-0.07804739954309406	-0.060505777178501516	0.07864116347946196	0.04736118875265479	0.012091512532952637	0.09818350621443402	0.025028784924227356	-0.028653787333661748	-0.06929834606836993	-0.05083863417588271
8	-0.05344602038937008	0.031989047536084704	-0.054658150573133175	0.042060926623558745	-0.018902950998750605	-0.05921229756195246	0.0617872408479259	-0.06202931512298109	-0.01528133375163022	0.027488181076222088	-0.08268611753048535	-0.05949859805002246	0.08381233224369167	0.04711183932692268	0.005430416115200876	0.09828270807089992	0.03553759582629836	-0.02628520462676444	-0.07024186968042091	-0.07836446728714709
9	-0.05536504926968092	0.08303222848674537	-0.04946613931433914	0.07205177461678838	-0.04822769130123778	-0.072130514315415	0.03750197014163624	-0.07490750577717104	-0.020393567437012386	0.0255037303703572	-0.08135884112378272	-0.05965722081412199	0.0846507713208832	0.06368203406306121	0.0047902317519011315	0.09575110593791539	0.027917691498547177	-0.028864923471691752	-0.06558943285641604	-0.07080451160299368
10	-0.05231053371734352	0.1763107447635784	-0.04373874150969513	0.03259410315795702	-0.04237507400919923	-0.07095953471928806	0.06588005059402598	-0.0785922047391884	-0.011467518904489998	0.017290648442740617	-0.08323565002820832	-0.05793068659437585	0.09198364673625888	0.04750795086856091	0.012528970275747795	0.09546211246505752	0.029248156106388347	-0.044446955958650676	-0.06141119820804483	-0.07507639570154068
11	-0.05574095387521686	0.0288509120797404	-0.04409033920879828	0.04028830835871718	-0.030001834955349818	-0.02874553713049237	0.04391342533931107	-0.07130610353888074	-0.027612955741366203	0.025363273836040735	-0.0936395763898836	-0.07092899773333611	0.10244357178592098	0.05740572144444858	0.009879834308338852	0.09209044140581502	0.023298610899753897	-0.03810440507693685	-0.06805385737741124	-0.049393589403737066
12	-0.05904496502862503	0.08469116194930078	-0.04737586669541619	0.040168673199025354	-0.04020446636754445	-0.07137183610698096	0.06139371518806986	-0.07925217519856587	0.034613880754518524	0.020184848451942298	-0.0921120023847739	-0.06587478161684379	0.07860565607942153	0.05203451484051538	0.01635882683555265	0.0909308731785498	0.020398860532069938	-0.03646515038190867	-0.08162178431121649	-0.030884410821453784
13	-0.03403965626336779	0.04342895521332008	-0.052088128234085596	0.03469756100193624	-0.04100515141339974	-0.0521144229289228	0.0334005819006562	-0.07186180736934436	-0.021373734909732222	0.020875912150444275	-0.09724865034076147	-0.05457325591463495	0.08963036410816357	0.05622179963491803	0.012601122901991734	0.1085859816860971	0.023640280686481167	-0.030749725534724416	-0.061028036670545883	-0.06860684843335643
14	-0.05797361544756409	0.08005044190028407	-0.05533477969698733	0.038657756742059	0.04140845646526473	-0.06600315392942382	0.060017295344533726	-0.07959045868507171	-0.01580262828734046	0.02381201357350603	-0.09658221903133359	-0.08248361421146741	0.08655723996612621	0.05504295938923208	0.009796481504314778	0.09577056479220307	0.015155602000089552	-0.03314927314081325	-0.05462172901989264	-0.05111449422180849
