	A	C	D	E	F	G	H	I	K	L	M	N	P	Q	R	S	T	V	W	Y
-14	-0.08168216612821519	-0.02702755030215327	0.038913345463830316	0.04170624564800038	-0.06274310256868784	0.031813005045891345	0.0045888706631422764	-0.008867721785833187	0.06324592350411007	-0.06616545662165324	-0.1062087963497781	-0.08799125811549341	0.12018758101729893	-0.04350374458301777	0.08355868565513783	0.07808622915534562	-0.10815021434319134	0.03303740529839871	-0.27581792787753906	-0.026290833447110744
-13	-0.062152839448280414	-0.22681463672317984	0.06790588503379413	0.041491514132177915	-0.04473301397831119	0.006615985442991679	0.11042753159524608	-0.1790134036525184	0.043726036792901	-0.09185100667962426	0.0461866353405578	-0.11338953564956476	0.11997284950147648	0.04500808785501509	0.10700787233710886	0.1540081029016466	-0.04746411672773919	-0.15705686975873825	-0.02076015429005542	-0.026505564962933173
-12	-0.01746741677809897	-0.28587865159136033	0.17282835811313627	0.11272796424440552	0.10370928271591148	-0.055725739186424685	-0.045546496280990716	-0.15053022798129606	0.011985149135955418	-0.056594328439761	-0.15580027533064927	-0.10802749353464858	0.11890078161098275	-0.06251931094976541	0.11569564173577146	0.03017421765712758	-0.16943494342479276	-0.0621538969762486	0.14886400498842597	0.02764515820525543
-11	-0.0638668800822825	-0.13161866434912556	0.017679418118619127	0.023750028064025208	0.019649010981523583	0.029884232896066808	-0.06737776809443723	-0.16275407327461966	-0.0030149736544201884	-0.011478810622594308	-0.06467187471851234	-0.14878668948613938	0.21260660511093044	-0.05717092000408634	0.18061955290649062	0.046565584212399536	-0.07856193504695094	-0.12725385894667546	-0.13161866434912556	0.12520766882280224
-10	0.006341985586730757	-0.2873751144913008	0.0723422558120184	0.13204000733266114	-0.11128385543561951	0.03171888125041596	0.010948987796755516	-0.12975029617008432	-0.0038694638108522335	-0.042296524156469596	-0.1324731545055576	-0.14964117964257148	0.14523341257579978	-0.012863251402324595	0.18798539299674957	0.06743034374920369	-0.11093347664944785	-0.08671566394488248	-0.30856441356123887	-0.067532347572543
-9	-0.028803557850204546	-0.14826216519092383	0.023584511609483706	0.10209812573177211	-0.17132746925961728	-0.02964277450149498	-0.03788954786390507	-0.1705831769062319	0.12091494525240859	-0.03822263836871844	0.13623339356332168	-0.14375807355190354	0.1896255325080146	0.09877527492430382	0.13508800085922137	0.03621217265444471	-0.10275857377919514	-0.17493159352844256	-0.04078485513331882	-0.11079578123165773
-8	0.013181284654078616	-0.5694803152218266	0.049700613041661165	0.1045911818175254	-0.17950923622106443	-0.08916961300764879	-0.09178724411685323	-0.14202427162637918	0.09539624269746656	-0.040997692423490585	-0.09898963940117736	-0.2109177004726885	0.17010754002245618	0.045856087118129045	0.1644304071307657	0.1346091332502237	-0.07637364257557207	-0.04660156994148908	-0.17721743944147958	-0.09363452245240682
-7	-0.026709901240199625	-0.23129964541505033	0.16941541731175944	0.14998045001896412	-0.14168887114849338	-0.07250264154578297	-0.08114412045376884	-0.23541621160988244	0.0490008653901868	-0.09343102472808752	-0.04723945668809376	-0.15155765754400777	0.035027375922808274	0.021217923967757926	0.13423727682244502	0.17495247309776216	-0.005785941712288542	-0.08470184821788643	-0.5535189401489696	0.004337388686939342
-6	-0.07071587911146739	-0.5331787019201495	0.2230867063703017	0.17274016237119713	-0.12806010862098852	0.031625932369188516	-0.019845274546042353	-0.11652772952850829	0.0317613883608995	-0.07171425767046412	-0.05807273843581263	-0.10594931714612434	0.06745970227301877	-0.043300216742737326	0.06388524191472056	0.09285900564524598	-0.07358179218401974	-0.07396903650918923	-0.5032154785427063	0.003488327845821341
-5	-0.07135158717604054	-0.3577231509290414	0.1679306484060683	0.14606265244227387	-0.17366296220208483	-0.04765847172912495	0.04230984724884002	-0.04946979570291045	0.06640144064486951	-0.12487901701122184	-0.1011122950534731	-0.16010428093718573	0.15944111082686682	0.09228382221067859	0.1327525079167538	0.05330523155030311	-0.02211983165689882	-0.10212581822502535	-0.6129956560323475	-0.047452498530147554
-4	-0.14218631309726862	-0.23341919321363458	0.29154250321499553	0.25484335358037474	-0.21569042625320298	0.016824927962187063	-0.10612655121185731	-0.2515464738512813	0.0029073797713447132	-0.21094399122874127	-0.17429774109497792	0.027058958758852773	0.11654995179721107	0.004034629733297823	-0.003137276060415362	0.12958383724921282	-0.030374007419983848	-0.19262512218450953	-0.11630579411729125	0.03488695764172323
-3	-0.2220014115783581	-0.25253645134111236	0.3267882218635995	0.3461604543313123	-0.3242296759961871	0.0962875895271288	-0.08389752068581766	-0.2593589109118694	-0.0797649295542256	-0.26795431023317495	-0.04999285692014262	0.07033059202446983	0.10304717317442547	0.02337185823045331	-0.04308086250381258	0.11742956178593696	-0.07548613157495063	-0.20335930152229992	-0.459362327372962	-0.0970258094310603
-2	-0.029674380203938637	-0.23426412437878927	0.33603927082968643	0.17291654102816092	-0.29225607135647613	0.12907677089836403	0.1310067675398802	-0.2742932464642659	-0.13005487262923343	-0.2232687400773261	-0.23125861423906408	0.15688989494995628	0.2843358229222733	-0.06290636702569377	-0.1517838267933743	0.07301482056219337	-0.16001809600667666	-0.14621757170203795	-0.5564834191127086	-0.3134453704264141
-1	-0.14685765211547624	-0.33572176513756635	0.3341632658309311	0.1683207893390119	-0.2622928479790329	-0.0998917198409402	-0.07311321511604463	0.2223501479578716	-0.17581236318990848	0.03714340467839101	-0.27868326416720224	0.0073286834333242375	0.008368231160859154	-0.056997507415173475	-0.16975719780527518	-0.10697148237701201	-0.06726404276977797	0.11986372501161036	-0.6144753660903953	0.00810629238216875
0	0.0	0.0	0.0	0.0	0.0	0.0	0.0	0.0	0.0	0.0	0.0	0.0	0.0	0.0	0.0	0.0	0.0	0.0	0.0	1.5086383061657274
1	0.01881586260164577	-0.25147951608616703	0.20226822130369607	0.34258898540418664	-0.11489679831415939	-0.09504924549600662	-0.14242627541511646	-0.07741183371947409	-0.22569687165065438	-0.16741502780491543	-0.039176084376041066	-0.14630526256578347	-0.3037441889029158	0.02928129627981066	-0.12765292984723464	0.13677528275319203	-0.033811345411741245	0.09872762939662652	-0.41691270695979166	0.15070345916527353
2	-0.04184800005078069	-0.23151206629573576	0.2381211670313767	0.13244344506593447	-0.188477434070534	-0.13853234691611171	-0.14094223131869837	-0.2287892079602625	-0.06870809928033254	-0.12985561826321768	-0.08884456272700425	0.2544953190314756	0.11527541992892054	0.14470869268306552	-0.059222096120203384	0.10813617178856853	-0.028466880502085058	-0.026433526929272467	-0.25270136536567395	-0.18927114945789783
3	-0.17493159352844256	-0.26823748226767374	-0.03886177679445308	-0.14298046460305902	0.032792513396307454	-0.20573403355717623	-0.12728995909321594	0.11531307562869215	-0.1666683266843262	0.09305627627060054	0.1490076815997505	-0.3198493326075848	0.3538675187479011	-0.083564933408379	-0.13070961835135325	0.08451685222899966	-0.06764495436287069	0.23066137937212056	-0.37657695705651195	-0.11975062388458421
4	-0.07341283187984492	-0.40440605092126936	0.11951541870608301	0.112299876992491	-0.10337605525728817	-0.009410422896012946	0.04677946970399341	-0.3074960379132129	-0.013890060328438628	-0.1731157450720714	-0.19634558579054623	0.07606884580598094	0.16391073328202013	0.12111279052527665	0.12794858624294575	0.13695610005308134	-0.05715875048541901	-0.09765619576987199	-0.1983515684881448	0.02721707095334086
5	-0.13049878303163565	-0.2440080578591538	0.08309447910839222	0.12038635650288695	-0.03170462614902778	-0.009584762159304462	0.06596002559261022	-0.1597500480825783	0.11477378831538183	-0.10841125306879723	-0.2869771312523338	0.05746084080519794	0.18638101264372084	-0.014399767940557327	-0.012276074310701745	0.1282866175864782	-0.06272068514973742	-0.2051717413785602	-0.08910609787341062	0.11774626033667861
6	-0.018343386733725604	-0.17178060846119497	0.023274964567224783	0.10689105786599645	-0.11884453327339645	-0.0378071883169598	-0.0010843812922199452	-0.08190757440682149	0.01693872284105264	-0.0010843812922198969	-0.1771756403479012	-0.06052156914408755	0.13019453334709907	-0.0760491429386813	0.09411916790181935	0.08948545368481749	-0.03157370344012027	-0.09227453481286017	-0.44824241263443915	0.14604318182814474
7	-0.057802306868968756	-0.42335511666959447	0.10943191727099214	0.15961193274934563	-0.1151465363784899	-0.015359755409214236	-0.08036061946207723	-0.209778893019228	0.17624427611071114	-0.0871960569874307	-0.24726385761391326	-0.1325442861872993	0.06589545114689459	-0.019105634090549637	0.17010470289645038	0.11315453151034417	-0.0915447864145909	-0.0648818721197435	-0.013180651580545209	-0.09958199386705358
8	-0.042178738733724366	-0.4826537433196235	0.10570085205848613	0.10516580889372867	-0.17335122168965236	-0.015579707038075265	0.1939634127390034	-0.22050242010968632	0.09494889063035174	-0.10848045660533459	-0.26080499370326715	-0.1094916200001968	0.19825984826003612	0.06937264860663318	0.0902844091018197	0.1488850380038152	-0.06209773782198065	-0.15606964318325411	-0.14066513997673588	-0.08795878946073289
9	0.034769609379099176	-0.41852225010441674	0.019796920554293707	0.14191150161930285	-0.05679441408682387	-0.05901151227113612	-0.1238324324714545	-0.25443138953396854	-0.019112546351603588	-0.1320509746113605	-0.22663672386550363	-0.08820287833844799	0.3567811574064006	0.13105912772477135	0.08875142184534472	0.10056350615878168	-0.08216429209869258	-0.15408605671689193	-0.36053030312673	-0.060669337729600425
10	-0.04202622937255109	-0.11616481230079483	0.06728754640125557	0.11947222180119481	-0.22221820474872095	-0.09330192934129058	-0.09768140660678165	-0.0770126883386466	-0.0024102426450085283	-0.023410759063896062	-0.08140270604158287	-0.09321561422982623	0.16749108729376372	0.12434384960899808	0.12402539351267336	0.06479449031550236	-0.10886557355929534	-0.03991799959221938	-0.18311160193140796	0.035926170351119925
11	-0.02468219412009842	-0.07299586911676671	-0.0197114226992273	0.014038510179129477	-0.1682639350578464	-0.04576818075481239	-0.05014765802030352	-0.07027301078129339	0.13732526198160552	-0.11280063849535979	-0.1521771151643915	-0.20794492527546038	0.17221172596634804	0.01055018233330815	0.10575373152734747	0.16513732209366455	-0.06133182497281719	-0.06863106371431664	0.025790148890045	0.06941684155412955
12	-0.044182492065838595	-0.14189749971012486	0.05666896133044973	0.08690010986155942	-0.1911155223803064	-0.0965594147657273	-0.006300694919768243	-0.13148781270836046	0.09948494506474263	-0.09477858332639989	0.013004460275618336	-0.088985078261713	0.15053232419193888	-0.00871478941761792	0.1082080094696577	0.12839787897768792	-0.15578756003856337	-0.15817946428531873	0.4466600212141905	-0.008535217580491285
13	-0.10151407083873133	-0.12553735073739994	0.19021590174728759	0.13289056193332904	-0.2168674863646198	-0.1923492453577958	-0.057568581963468556	-0.1786723098669276	0.09757867285054281	-0.03912086926161875	0.08875826098851049	-0.06304131212069286	0.10932819188564566	-0.007594607001629986	0.009845844712331379	0.08107143232221946	-0.0008525132780464303	-0.08114342324947334	0.2004350669289736	0.007062788204119442
14	0.06940224032160217	-0.28465628278851574	0.03276412906363482	0.030161997361098748	-0.08053630013259098	-0.03661670686372761	0.025713739129608865	-0.15767380367022943	0.03085153624408831	-0.0944785624542294	0.09856046906281551	-0.11878418891452054	0.12504483676931216	0.011044879370398534	0.05699156378372962	0.08332050250607867	-0.05550829443065989	0.0063894919688645534	-0.050573076755147744	0.009311858387978593
