	A	C	D	E	F	G	H	I	K	L	M	N	P	Q	R	S	T	V	W	Y
-14	-0.07665435865922587	0.059386738763075014	-0.04450647954507187	0.013463113945049624	0.02752066334514852	-0.06917526516963336	0.07576144938475399	-0.02784643362071232	-0.04643796302442378	0.05209465925052022	0.0009301156424736781	-0.033662420506662356	0.03482842071965249	0.038015495207958896	0.010427868302295135	0.05996191013385812	-0.03297375575773523	-0.019024455741396534	0.023315890654393892	0.056119372637264076
-13	-0.06346620445957572	0.06477530485596404	-0.02507176134385223	0.02219019704011808	0.03527674405843515	-0.0716715371621343	0.040664279328674564	-0.06281909789914993	-0.028741466644339044	0.10062272062598661	-0.03805476688082895	-0.06577350110359165	0.03997913792886187	0.037809748674181916	0.01673007263543878	0.040066542251209564	-0.0545865025426636	-0.0324168363983794	0.020832735537840243	0.020373953949293706
-12	-0.07105470397684306	0.09107648808646408	-0.043109670702796185	0.034122805797249314	0.02169370784304635	-0.07559331972134481	0.05964360075147164	-0.02369432709060091	-0.037183742068667154	0.040968816884043406	-0.0384524089554707	-0.046504898916609125	0.03049225120566714	0.049956282665366045	0.024127766166987575	0.0431000887718505	-0.01945389792353088	-0.004442665126069985	-0.008502464927411793	0.0394611863342336
-11	-0.06603954451194957	0.08778420758628996	-0.027918208975039323	0.006867989446992501	0.026601100329636283	-0.06858658294793861	0.03416933719664015	-0.017765838612917	-0.02707391900007695	0.040799789372616996	-0.03703552793018356	-0.04580286398259096	0.039271781305117104	0.05185503498758944	0.02071916235143199	0.043513515631943535	-0.03425469358835694	-0.01158342239713848	0.031147912466339214	0.045269005903626085
-10	-0.0700556467865935	0.09301093213063556	-0.03283816798982282	0.023332341227090443	0.015634512336314157	-0.07577354984695248	0.25663279049422005	-0.04050759084277682	-0.034393741256687274	0.03362553540421276	-0.03241088345273401	-0.054117864423705496	0.04117741273208045	0.034344919298615245	0.02763178686278697	0.03025300702152784	-0.060634273977325896	-0.025080372723337848	-0.00618679433762211	0.032072461791256356
-9	-0.06813207890233114	0.11117576467443925	-0.007603658598660997	0.03555258898246103	0.010218151340744355	-0.07281145918651964	0.059110079332460694	-0.050247428251074124	-0.015819791916700507	0.03503302633456595	-0.04922771058037096	-0.05371086384179389	0.03499836298698164	0.08496376587912323	0.030001403036996114	0.055399794695278254	-0.058488983314171565	-0.02440275683471754	-0.02919698167870126	0.022931701768478533
-8	-0.08326569797198687	0.08641253691503077	-0.021476083110637714	0.02265972666547318	0.030801916932287576	-0.07727267953539561	0.06017927970020311	-0.039567111026403014	-0.023295886541525333	0.04891975147002049	-0.03457202966137286	-0.051324046690437226	0.03602214334044293	0.021428155936760337	0.08695921449348602	0.03549788629717737	-0.05772281810459615	-0.0108725690338725	-0.016762805398904276	0.04312566302100089
-7	-0.0805437148061126	0.11829811935173548	-0.012705074632720787	-0.01752005287869547	0.038586518200004194	-0.06956355502977009	0.06029725612277064	0.022586522438147617	-0.04237140979758697	0.04790608670992244	-0.03316283959931616	-0.057315757592939734	0.05120407381332744	0.03326833090376475	0.013146661816615125	0.04784797049888364	-0.03581021426101342	-0.026060063850118484	-0.022343556326921237	0.047991235496757066
-6	-0.07570299522153306	0.09850728355764886	-0.019232854727162605	0.02677753886621707	-0.0007536942856124285	-0.068889765601197	0.2555643816586584	-0.05409456943496931	-0.02507876065979418	0.03504627644975335	-0.02263260907490825	-0.05049579256188263	0.04644567057136695	0.04231439954002027	0.020421212973415058	0.03522388995793827	-0.056202573316926574	-0.03789981978337574	-0.0606854277727615	0.028530849612149866
-5	-0.07755639954129168	0.06992822940270166	-0.006439533857258403	0.05125291294548581	0.03333578024770814	-0.06383770466055878	0.04468339160609971	-0.06528620939973752	-0.01987755119253223	0.018295759547469433	-0.042376428452034896	-0.009129899852630553	0.018991138442806626	0.04187047318081721	0.009439184186981545	0.06534819669439199	0.028936067549913017	-0.05594808505366999	-0.03916095877784982	0.02902780214008416
-4	-0.07355625123058818	0.10937238318879987	0.006491101476363918	0.008690484799199054	0.033703815796274406	0.012752945055858379	0.07577913434561798	-0.05048401988753855	-0.04003391030577544	0.039931513010518255	-0.027055308535514532	-0.020697638423755677	0.02214548377357733	0.033872539848334965	0.00702376989151449	0.038599322560647575	-0.050085585507011	-0.05462527072642977	-0.046811713417691206	0.03411012004265305
-3	-0.08694726980004885	0.05157519912525394	-0.020492197201213022	0.06593585334920371	0.010153675394562118	-0.04336740756341138	0.04440868804995017	-0.031010953202743448	-0.04135386497996352	0.03723780222055608	-0.0343874949327141	-0.033480181516376786	0.059362120686036655	0.031098050398280435	0.02503793878332669	0.04721333005650525	-0.05758183893374091	-0.03528788209096255	-0.005466995902285592	0.05714764327396641
-2	-0.08431099652903382	0.029497628157084396	0.004714893872306704	0.02551082340802714	0.005323522002688712	-0.04957801702493179	0.06675956950848551	-0.05921215611647782	0.08195431220558218	0.006693531113871711	-0.034457591059647005	-0.0318211257791996	0.038847154724496645	0.051686920578184505	0.05371691865946127	0.04180628756480876	-0.06543449365013553	-0.04276878667251538	-0.06546291327399827	0.03039646974666289
-1	-0.12653375146329335	0.06575804684533504	0.003441867088189282	-0.03351327262408923	0.06349115834225241	-0.05676599018430449	0.11770076743235222	-0.01380555474569948	-0.012099182369532344	0.021540089180985506	-0.038410785225975394	-0.015932714575719754	0.0887262137350923	0.005134231685747844	0.03341515604411336	0.06377939477765396	-0.04839218712299843	-0.04167385424803879	-0.03316540523407568	0.05854282669462473
0	0.0	0.0	0.0	0.0	0.0	0.0	0.0	0.0	0.0	0.0	0.0	0.0	0.0	0.0	0.0	0.0	0.0	0.0	0.0	1.5086383061657274
1	-0.17194419607855996	0.11201249321073234	-0.04584465557197772	0.011672547232330193	0.06720257489176658	-0.07020859007517093	0.08892182458500286	-0.022053785759697825	-0.010383591519572653	0.04780841352583079	-0.07505555041271463	-0.02230390410749466	-0.013889777117872561	0.06130818404041627	0.07089872045173035	0.07999505440502497	-0.02945061574334486	-0.04903773214762251	0.005177021850423426	0.058413173798877255
2	-0.0786007480266769	0.34470758201632934	-0.0025252495591528445	0.027404205973470774	0.010691960654603202	-0.07974193087810633	0.07183358657067959	-0.06864180952631814	-0.02648061331380303	0.010243765286917698	-0.07263845788120696	-0.00809006693596794	0.02216873935990524	0.05139896010143196	0.029148837257749364	0.03665953318756169	-0.057793945145487184	-0.03840394004743109	-0.03935273133504111	0.03139549032112054
3	-0.09831016802507503	0.04234212248529436	-0.0010628902167670363	0.034691420355940236	-0.0053114219734544605	-0.09185470826783738	0.08214211932704588	-0.032197543919091985	-0.010478330753775373	0.03294624455697714	-0.04073535199572927	-0.0004901059073596492	0.04052590153697348	0.05213082134494818	0.03581445845126084	0.062273098789995165	-0.039407313955428666	-0.03508555275559115	-0.031407221825858596	0.05913591711065294
4	-0.109102069170681	0.11217992406718308	-0.04097163723860786	0.056197084871613755	0.012089695542262562	-0.07006763789639545	0.08461910622084122	-0.022235160877746997	-0.007934192927472833	0.04190441678732935	-0.0023901226611374123	-0.03528568951350653	0.013623940306887917	0.04301522847233122	0.00748215946479278	0.041268259586236214	-0.06038589994048809	0.01367034806720781	-0.01776545405537613	0.036386496339090815
5	-0.09962520641678604	0.28305867383441125	0.009656612544365098	0.04545466718280038	-0.006301667073876558	-0.051499188011248156	0.09162124074922151	-0.08755450912665849	0.000628367801212102	0.0012851438240896592	-0.09060585811252672	-0.011120766953078372	0.029966076158048985	0.06226026430635277	0.03573206810497829	0.0530589433096207	-0.04868126602026575	-0.07060311913137092	-0.05357548003940337	0.030468241561644016
6	-0.07339587020730601	0.04629358291791964	0.011323965051290342	0.0501041217020527	-0.013264168030928362	0.009192940749621084	0.07912519599110877	-0.059813439382835565	-0.025522915000962817	0.013837065709439399	-0.05375606057810525	-0.011796102410413586	0.05254418381350098	0.048033413579994744	0.023969790838121632	0.04125019209196612	-0.05748393309734837	-0.05522079883637906	-0.038757933822968126	0.030368345604663807
7	-0.09581329160816932	0.05491958194773711	-0.02762578172673391	0.022209725926101473	0.0006712999259123787	-0.08035535720944029	0.07932547057217731	-0.04405573082962209	0.07132466132383851	0.039927749538268366	-0.055541448504080514	-0.0284827840226563	0.030153663976218242	0.02883737683248539	0.027581329810960384	0.04340835446520686	-0.052160181371485266	-0.030477634472847275	0.05544325452990289	0.051754956507174606
8	-0.05154709406861817	0.04663893309663831	-0.020827971262443762	0.025331971362239733	0.019839483898361467	-0.05260034378417034	0.10236934600786246	-0.05045957955101258	-0.01371377491057934	0.032235505816155086	-0.05596500154052013	-0.03886442264402693	0.03920687303756863	0.032683155210095384	0.040594020240345315	0.05203277747569086	-0.05133715395162521	-0.04278793465500496	0.005893503725400331	0.04664105285230882
9	-0.07125208357193775	0.05574740832998588	-0.02698391470108087	0.03295707652239474	0.14706476209881705	-0.06547129357341998	0.07517525947126534	-0.05810473080664018	-0.01390985001115166	0.020426253744766466	-0.06921281683535084	-0.05632751240994766	0.047855763132477656	0.04466884571383857	0.04867877791276943	0.04903165950779534	-0.054428617835830896	-0.060069437395481096	-0.03998083774420519	0.02653245211802122
10	-0.06760147062003594	0.07265357586235643	-0.017890427682703557	0.026920799778846195	-0.0011441425138770428	-0.05338403739937716	0.051134635343696465	-0.02363917295055809	-0.02968003027019041	0.04070445086589506	-0.054423268529159824	-0.035915666404095076	0.04879213807058062	0.035715293974020505	0.03426763572041975	0.0660136474068656	-0.04794330948042921	-0.038032151684640046	-0.02093675873546921	0.03564930180220178
11	-0.09144431784020028	0.08309998927997042	-0.017560419001421506	0.02191679792520047	0.008908536233716395	-0.05532957918581243	0.1195065423704242	-0.026540649331354683	-0.02933220704894868	0.042958040238955573	-0.05570804934649952	-0.038354262763496315	0.025598590303314024	0.07609672622052772	0.04535171490579994	0.047351729890890405	-0.07261538168053286	-0.03643016853008145	0.00426579014381574	0.05015419087335049
12	-0.06708856689689068	0.06048222165753902	-0.019548355540683123	0.031832432537970905	0.003953655668195507	-0.08543787168946167	0.055163164304777135	-0.04058100532241894	0.013596204726042565	0.02903006162485463	-0.05948289289523299	-0.044019446122593626	0.04809468635994334	0.043492676865481104	0.0294030893066835	0.0803671178085362	-0.052197743416558307	-0.03352442017740249	-0.016761104311474408	0.04448532404434584
13	-0.06990385283656844	0.07662953940074553	-0.025558490472059707	0.01909604223238384	0.0065870302245412595	-0.06080950117995916	0.06982668123854076	-0.05875207037608922	-0.012321463402948998	0.03543543487791657	-0.029558211261160722	-0.05889009099289231	0.046560187774029864	0.038041987264943754	0.023233709145708093	0.10904510310590045	-0.04677035743190031	-0.04179557632426333	-0.04331523041127163	0.025275294022970882
14	-0.0788185489838428	0.054413622515649934	-0.024978541173982415	0.028240720403394735	0.005446157372717114	-0.08314530283325083	0.09226744668293992	-0.02815752397200575	-0.02897617545268577	0.043921003115392813	-0.05996506912385406	-0.03635023450307958	0.036098112217845535	0.048880072643142904	0.021905726636157374	0.06592658710962583	-0.031692289613769374	-0.02144574957755057	-0.026505364338876385	0.06131896816986395
