	A	C	D	E	F	G	H	I	K	L	M	N	P	Q	R	S	T	V	W	Y
-14	-0.06539391947542511	-0.15718394460970697	0.04550777207801352	0.1602744317061159	-0.006539807766505126	0.034742477573669106	-0.02448566769916694	-0.2438236686213375	0.09666991654092406	-0.07967433493839417	-0.11675528755409871	-0.09380608948313017	0.12015720849813347	0.035549633270567496	0.13524587929235668	0.12837575063803944	-0.032963941275755713	-0.18467802025137306	-0.35979333624039317	-0.18214824911609026
-13	-0.036313648561387316	-0.26584922684403467	0.001548167701704407	0.12502892734051607	-0.13753074958435418	0.014907509916465238	-0.10742117591676328	-0.11506383305312369	0.13575573591440834	-0.029336880340014942	-0.05083990175798383	-0.0781317998147757	0.0919735586200205	0.01066861894254004	0.12131369081181084	0.1490635964967775	-0.0647299620864224	-0.0881160207213767	-0.38564832379992364	-0.2892330453985147
-12	-0.019032401228750686	-0.047752295724065835	0.04088519131800072	0.16474493486966127	-0.13353890837021756	-0.028476028336095482	-0.05457475529482287	-0.10185235409942758	0.03918318594470974	-0.07020407964207923	-0.05881772187422583	-0.1176948909742153	0.1677846286918286	0.04332277198419844	0.14571410953888275	0.11010848809162888	-0.02436623708911156	-0.19017156008517946	-0.47099816966087366	-0.18420861311150272
-11	-0.05663563193792841	-0.29724970513025417	-0.034008270355672734	0.11808271229624198	-0.25585701997202914	0.030339319053195018	-0.03572825074994661	-0.2733375477248428	0.14141329777023262	-0.11641201105011119	0.027261386383249906	-0.08977608046674153	0.16933687805029107	0.010785192102385469	0.1845768446070279	0.1721097844235951	0.015878412156995193	-0.15300581332656757	-0.4153490172082486	-0.20882780234771664
-10	-0.0021888050458691525	-0.2695129442179163	-0.019374555113682863	0.16372766363031305	-0.17260293120985992	-0.03323447917891855	-0.08717273588523351	-0.22478094287493144	0.11724289750160766	-0.05976231622482808	-0.15487416424942835	-0.006730837335864715	0.08124798675865204	-0.021958794366658114	0.12414826647484631	0.20603192226679104	-0.04858528610675149	-0.10005226406124819	-0.4156409798961543	-0.16565407125453208
-9	-0.1061625555345637	-0.41424649511177625	0.03436160262567585	0.12183005940089069	-0.16851930791470057	-0.05191998383988803	0.020660324948287633	-0.1863829803610047	0.11213849989292173	0.008494041277967063	-0.08430356553484979	-0.025627420728524274	0.09164333770035561	0.0021769192542745066	0.19223383444677966	0.17756826763162945	-0.10907577995112529	-0.10979684018965778	-0.2988530764097067	-0.1669654798460789
-8	-0.013857050448750867	-0.45448188925449157	0.006982554995193789	0.12110320654184893	-0.1534518935905104	-0.09939024024125602	-0.105005264519054	-0.17464119266044845	0.11896478492432586	-0.013108653775692173	-0.06349074053778177	-0.04844180355040445	0.1896706385477406	0.004966640118069901	0.15521512918223887	0.11684348509730226	-0.018636495352900285	-0.09931547145706462	-0.3430456230498387	-0.21115802648621093
-7	-0.023167865052025977	-0.2596373105057562	0.1100714590660273	0.14546040375290167	-0.30832923440548066	-0.05409690309416259	-0.053519255726488316	-0.30930252162997107	0.11938265466421233	-0.10372418712515066	-0.0791812460476248	-0.09355637100046861	0.13337190414516276	0.06543092602566387	0.2252416925136958	0.16259615013692555	-0.05207361395257287	-0.13830269816628143	-0.22530928172586287	-0.3057251168723611
-6	-0.035220199801904065	-0.39996200193098813	0.1187206287557412	0.058878835872323954	-0.23610519929231863	-0.02203910678083771	0.022451776124250058	-0.17403533989419243	0.06175860143499711	-0.09774052545958825	-0.026845576983982763	-0.09557836425941915	0.13134991088621223	0.035177693666459176	0.176898555815595	0.18715763960403764	-0.09163276752550753	-0.045834152540588494	-0.36999877855354496	-0.16432496782899852
-5	0.004426411825974007	-0.5770607382813369	0.02656240223950365	0.11306385882677787	-0.21888785648078693	-0.03131911004149505	0.01545393514039515	-0.2001052210914269	0.06496760854149317	0.027675502759735415	-0.08221071660124281	-0.16422917420795413	0.170213945629237	-0.0030294705536180423	0.1851911015988898	0.13888208072345656	0.013815086094111821	-0.17912072960929928	-0.32524876528753727	-0.2994145611718357
-4	-0.0860391447539232	-0.5511628611148762	0.07987667370927604	0.15027239760938502	-0.19615105298464944	-0.027594211826225797	-0.07888162928382457	-0.20053628264731538	0.07284865682637964	-0.1194768930392085	-0.14478968490597582	-0.18463131669446267	0.13406733180681404	0.05585346910647546	0.16595647622029566	0.24994303204862162	-0.028717327323729783	-0.06712961197888377	-0.4225898398514822	-0.21606862499095023
-3	-0.12838626880814738	-0.4032635458706404	0.12377115918085488	0.02182870884501204	-0.140022111096059	-0.050646515985260196	-0.08829777226336666	-0.2982356426404045	0.13230947003790283	-0.11107241089016794	-0.16368602929385243	-0.14278539389815303	0.13632089291254987	-0.08239142393282854	0.4494715212523845	0.21526455991600957	-0.08894394777597232	-0.31076265176763906	-0.452481568540822	-0.2748364814165191
-2	-0.075326451369056	-0.6082406889664671	0.07485255327071366	0.19706280746079136	-0.2528530309798932	-0.09968064110925011	-0.16378855100017273	-0.17015132401833247	-0.026267259386637733	-0.13914728725877185	-0.12315050457552933	-0.09146454267298333	0.1057930618054277	-0.03918095774143	0.2053272186396329	0.28957226491191934	0.08430252960429359	-0.1505575435169793	-0.48330195235816714	-0.14858884349161333
-1	-0.07589695323356259	-0.5296299447833488	0.2519106376668175	0.1285695728990106	-0.21087118215893594	0.09868226157064051	0.08381863547402624	-0.30505833683151906	0.07771399405078755	-0.04497383787172954	-0.13168993611131108	0.07017981103420297	0.23016129654922113	0.0002537020656473086	0.04155348007154396	0.08039897621588896	-0.3409106134811011	-0.19620642011667397	-0.23206048122887402	-0.2676639719590099
0	0.0	0.0	0.0	0.0	0.0	0.0	0.0	0.0	0.0	0.0	0.0	0.0	0.0	0.0	0.0	0.0	1.2291479883578558	0.0	0.0	0.0
1	-0.08170541538638797	-0.5799264331521886	0.33373461521356645	0.24963669739445923	0.08518530392286278	-0.03002884514118905	-0.19153174238638138	-0.045924287509946315	-0.17468718573865147	0.13313003246243532	-0.024378571118482836	-0.192205589661837	0.0	0.19645579449260833	-0.1571628407551188	0.13145282916565015	-0.22448465410106674	-0.03304741146808454	-0.038079848795870945	-0.3945945173615947
2	-0.12360340175946785	0.0513281917689747	0.2632384188511513	0.2873642102645782	-0.383240712265224	-0.07522459574057674	-0.2508139542643741	-0.2599439227239009	-0.049605612594973154	-0.18151354272518952	-0.28057837036807626	-0.10929780707022435	0.2563238945468595	-0.055508084052392305	-0.01162964231553554	0.2916603470793442	-0.033518792701518314	-0.22414769942261836	-0.3710062558482124	-0.4152099183402658
3	-0.10541846886076417	-0.33287109599511916	0.20467124617288188	0.33926934191826896	-0.3406964335070757	0.04796849569140304	-0.04833527819269618	-0.2738560755598534	0.040183468047016696	-0.13918744758474413	-0.2359610829870627	-0.15342619493185	0.10346530359122456	0.008587556724470206	0.1012324221589326	0.0920849009206821	-0.10997205691426479	-0.038471679230151004	-0.44903590829591394	-0.19950881386548566
4	-0.04836485605432247	-0.2875127781684669	0.1827291370829545	0.2054350224874175	-0.17681448067477715	-0.0799044676667207	-0.123568968721552	-0.27784105987766566	-0.03918147343827153	-0.030345688225896797	-0.23480642765246384	-0.058234488434925125	0.09104715173654951	-0.061244555373284215	-0.027052160341445055	0.24081363482964424	0.1223713742908338	-0.09599128756017554	-0.5447912659693716	-0.2702361658370122
5	-0.1198495032115176	-0.4350041415671051	0.1519921033249814	0.23906735547224683	-0.10997386949935746	-0.1001158786421565	-0.17536683106134898	-0.3085780936356388	0.047217387794118625	-0.11737488408366226	-0.25454807710897387	-0.10126511054299914	0.2662821054960946	0.06615535401999612	-0.0021234148784939587	0.19663744351628884	0.07908702256127707	-0.18535105196794993	-0.3437712614507392	-0.24348265095881383
6	-0.035390086847858694	-0.2849035244338368	0.1551144082117112	0.21809451437919783	-0.20806349420111453	-0.09404694002621047	-0.1837505448463775	-0.19518971842227467	0.06566662680948182	-0.1204093945560685	-0.16525038428722064	-0.13557582458401607	0.20280087489624754	0.07334892291111111	0.018591725618386908	0.1630369413782788	0.0067657967336207	-0.15805859098959021	-0.39091433690409233	-0.04231763037651933
7	-0.06112461882734361	-0.20631524166155457	0.06578219140393857	0.22267205693762204	-0.11175913404697548	-0.07554696139253075	-0.12764462998422485	-0.24837283302044466	0.04346274822351352	-0.10211458903647107	-0.251638220448212	-0.12923182035530711	0.163335127522606	-0.08194945300166129	0.1370061888002568	0.15601126961033354	-0.03215137730275473	-0.146902869928199	0.09638833789199273	0.08436935877134054
8	0.011286724848361775	-0.35749505508246243	-0.02907925892884865	0.1643046971412358	-0.17587130742682017	-0.09763207843398089	-0.007091440706065596	-0.07844298133432394	0.04774419233107469	-0.030806078229354644	-0.045469675117018	-0.12718325768003796	0.09283302304926347	0.049316644261182825	0.0905043607306808	0.16100421293238404	-0.09307130637606346	-0.009948975683440267	-0.38711752168926333	-0.07070549853309142
9	0.06886343227157131	-0.23907855780874	0.05251528030698237	0.18368503458832983	-0.22032912179590097	-0.0622973947447459	-0.0830672881984063	-0.17261404971786481	0.05628569943237305	-0.09210913765957796	-0.12546285129783083	-0.08596259546782001	0.11736857087664276	0.03495995974901487	0.06594039340134421	0.17306605857803578	-0.0444798384199243	-0.12770341249390768	-0.12429382103097916	-0.15470919903739938
10	-0.03768434568465448	-0.17712935460657234	0.10686730175862853	0.17501324856685446	-0.33683019747408427	-0.062237836436386626	-0.00934786644481453	-0.23239844324878572	0.12181950472865354	-0.1339492869337078	-0.04803465822711464	-0.09631104776603422	0.2724238892751925	0.009957288750572085	0.0707785257471232	0.15638494119261043	-0.0887968649558546	-0.09637620334066757	-0.3345384006944994	-0.28642780186764555
11	-0.02095815756541789	-0.34890368352483697	0.08122100851860198	0.2825803697433465	-0.1840934348788448	-0.12525287953080022	0.007934040856969676	-0.23773289878754994	0.09468055596491982	-0.14313482719993834	-0.11878240794249073	-0.1372740990901666	0.1680392816749948	0.014274218887988717	0.12183885942686598	0.12154974736787878	-0.03504196051939527	-0.08373388441911976	-0.17761130735092448	-0.24663855356801004
12	-0.03850912581003817	-0.30028056582848006	-0.0044656432859801	0.24564682505669494	-0.20637606296014893	-0.0342150975329001	-0.10737306044624872	-0.05238552929402652	0.08556275525716242	-0.07433698593390992	-0.13428963367712468	-0.030659034416123006	0.13397731325909754	0.02593812033437239	0.05609053756447153	0.11112204716251978	-0.09896167133538163	-0.035679835791173904	-0.37732768236341907	-0.17485901151408406
13	-0.0894093392008989	-0.23014826751932754	-0.0005092734767194399	0.15184483822408273	-0.17056257753508353	-0.10972082058852257	0.00374977778563209	-0.005896111205221086	0.08452114491717201	-0.054150596327795446	-0.08493357493671616	-0.037160793140715416	0.10134557922237847	-0.005195183871175337	0.14569985537361554	0.161451563121691	-0.013965256325839361	-0.07062610989683929	-0.24499738855824668	-0.26176280270336055
14	-0.010976835911876995	-0.20366735678701997	0.031882670506724504	0.22723494420526344	-0.11651718106811983	-0.09264313471375325	-0.08827393808495038	-0.1919896557986202	0.10866462007213468	-0.03777001249981365	-0.03297112961804487	-0.09240831746991254	0.03760994466766238	0.03886599168918738	0.15363624812279156	0.09314615447579776	-0.020276858989839268	-0.12314775996713287	-0.349795392465258	-0.1579098662263448
