	A	C	D	E	F	G	H	I	K	L	M	N	P	Q	R	S	T	V	W	Y
-14	-0.02500617026839617	0.0052430554123718805	-0.04958903362217417	0.03026744574456648	-0.08852620438378413	-0.03296564940747284	-0.006737389971339793	-0.18837876820496963	-0.08134288569686404	-0.0007404660843571502	-0.11876271739588184	-0.1402208516053261	0.24342727852824148	0.09019461392978184	0.0051881127237158094	0.15584378234180837	0.07263059829247387	-0.0918792746284653	-0.10179083051546262	-0.14090305741552447
-13	0.001600145364527179	-0.0032861198364504355	-0.10791373121498485	0.00885832608925826	-0.14708061032130162	-0.011177365033301178	0.006939392701490288	-0.17854905482084546	-0.11694905444231174	0.002995976527889902	-0.11320578747158147	-0.11604988161451306	0.2637625012922615	0.037839486716011755	0.009384526848985157	0.15603473359469577	0.10880281737681653	-0.08034544379858963	-0.13427259479570594	-0.157496965224768
-12	-0.007805234283674857	-0.024254919906754168	-0.048283434025138225	0.029475710522494564	-0.13545522503778684	-0.0054603990816626926	0.008353128478865287	-0.1251675708608511	-0.11521373813791226	0.004940700170885187	-0.07844644685304172	-0.12701929269404655	0.2637254961638465	0.04135166621279169	-0.0010294777529486823	0.13365362644244644	0.08856232316524665	-0.09386247576866492	-0.1862215362708291	-0.20046197538543928
-11	0.02630388399419575	-0.032295893008397254	-0.0534851920783353	-0.01884988712860908	-0.12708221238659811	-0.03738895702862222	0.005131090177728691	-0.09096712514993201	-0.10296308978284147	-0.027866924724609672	-0.09594363110122033	-0.15061805353833682	0.25671427163552907	0.016035333494978245	0.007626251732825509	0.15056536455523656	0.056476388560311876	-0.019617248131905036	-0.05348519207833535	-0.14998335632920806
-10	-0.0010660741343393107	-0.0046485429471118025	-0.07394721268652153	-0.010609287094966023	-0.12355007398709751	-0.03551051660024678	-0.011290558925114352	-0.146986394901594	-0.09066461354726475	0.011083983775076649	-0.07816745999860102	-0.056477567679298527	0.23884585669188285	0.03055603065222149	0.014138352312678558	0.13488540154702605	0.112512275400586	-0.07653400445039782	-0.15882995210048897	-0.17276084417284024
-9	-0.03934686614607167	-0.031816774731366994	-0.13676820164761194	-0.02190716388172379	-0.12956043938724146	-0.063192499104958	0.0023310836233442667	-0.07278681106205237	-0.11936295310340751	0.03762460204852646	-0.07442257375631152	-0.12321195194063683	0.28027095331760055	0.07506805780875848	-0.0076442568045692215	0.131870696913942	0.07995814667074863	-0.025638628565448546	-0.12283956118820391	-0.13615619593505549
-8	-0.01844070025531192	-0.01933274966144548	-0.02419693507426013	-0.020072717283795418	-0.12380105566594045	-0.04759978671459865	-0.00173175771205745	-0.1256809071387039	-0.10204441739139003	-0.03357103611254358	-0.06733793167679976	-0.07959346786256585	0.268607591847818	0.04528782162572759	-0.03611956439471768	0.14040543572536762	0.13272110532891457	-0.0674373922250195	-0.0665572475156472	-0.16027854944168254
-7	-0.01631979345740098	0.04118859940169529	-0.13669251286345407	-0.01988804122181292	-0.110589710299249	-0.03764796299642699	0.031473136740339226	-0.13416186275501862	-0.11751482598941113	-0.011711544088844452	-0.07139598924096212	-0.17742429362981846	0.25249356427097486	0.030974768692034374	-0.001256047021525044	0.20902421055506334	0.08672979276491627	-0.05875533027694236	-0.09137448045502808	-0.13262039384011093
-6	0.0005393888595887564	0.028504540113688904	-0.10915308629358957	-0.02754839519415917	-0.11246164192876176	-0.06117948275105423	-0.006729121118700317	-0.14634155676471633	-0.0976092652968164	0.01260864652074387	-0.11318788705101591	-0.1504504514917074	0.2689549512401474	0.006892868940176115	0.0169571332180917	0.13791245167574837	0.13285363874318556	-0.03568015402475494	-0.1347407646117602	-0.14535904359791496
-5	-0.020237699170599564	-0.02158650004590129	0.04659202048547852	-0.026332726747621247	-0.0733270990650667	-0.07139896122535884	0.027251738143075258	-0.17675624522112804	-0.11627103832509501	-0.037831387087662476	-0.1199927706914525	-0.09040970882528777	0.2983942959155474	0.05425173370944163	-0.020769128912632003	0.15219047475137515	0.07291633645551578	-0.0783311049694237	-0.1311029253705138	-0.11914154254457023
-4	-0.03264109363461416	-0.01875633277941733	-0.10367017769739661	-0.03494428404503247	-0.12190473458393632	-0.022633634585210238	0.03694851099729367	-0.1418475109425638	-0.08982298209539205	-0.046087363563819504	-0.0887091948047622	-0.15183726034822637	0.2411209478451903	0.003889577515565003	0.0037943026745460356	0.20564479348738343	0.13286282749465367	-0.06229176249557786	-0.02758974540725431	-0.09447256943175687
-3	-0.016779903767101957	0.06503307818912661	-0.10765697905468555	-0.050134927855997775	-0.0878170930264025	-0.046182227884515925	0.0446359071256928	-0.1519983816309584	-0.12793375665310525	-0.01382660684829137	-0.1294372766088466	-0.08323178082237138	0.3258168305669645	-0.00334009551806074	0.0046080270229498475	0.1471370879759399	0.07551981367520993	-0.0254176979556817	-0.1685118169633385	-0.18158007052989789
-2	-0.03609023300970337	0.03611210095802972	-0.1401562645292107	-0.04910076368110411	-0.11645767966574763	-0.03955792313286817	-0.03389240585542358	-0.1333415598866881	-0.13886215160684462	0.009936315111676673	-0.09982056258525487	-0.19221260451861755	0.3057536921617024	0.010559130711415966	-0.03807290092738449	0.16167313159293362	0.16190833136228985	-0.03839752619370379	-0.15696865362456047	-0.0844321291445587
-1	-0.06218244925803153	-0.05577378885230052	-0.14816728210011776	-0.05431014757289367	-0.12769367232879775	0.012506552060236847	0.08176975781140465	-0.1585473070880145	-0.07359529052337803	-0.003721965384954973	-0.055563425815054426	-0.1731067450784492	0.2678295550263021	0.0520823379957784	0.03935022651093268	0.17131274664619503	0.043866571738275524	-0.029138901204368878	0.03969098328157494	-0.14467414880943677
0	0.0	0.0	0.0	0.0	0.0	0.0	0.0	0.0	0.0	0.0	0.0	0.0	0.0	0.0	0.0	0.0	1.2291479883578558	0.0	0.0	0.0
1	0.0	0.0	0.0	0.0	0.0	0.0	0.0	0.0	0.0	0.0	0.0	0.0	1.2924298239020637	0.0	0.0	0.0	0.0	0.0	0.0	0.0
2	0.02790935303613012	-0.08519384931495635	-0.11429932229221011	0.09056268214398033	-0.16681724508876153	0.010214363709828365	-0.05470153614792784	-0.19870345566485328	-0.11482306045224953	0.02317516638062863	-0.01766761399210961	-0.20605104685234216	0.16863488870503543	0.040041773130519785	-0.022347925751990818	0.18265937964667606	0.062493981189416216	0.001721454734965662	-0.20507253840556877	-0.18160225415798883
3	-0.05213962045184106	-0.048194634759120586	-0.13035347268494998	0.009460994185525047	-0.1278739249919509	-0.048632075486046464	0.1150666134259468	-0.17196880132704306	-0.13993647353243927	-0.025795185272415224	-0.050586302023118826	-0.16911018592288687	0.3580828080686134	0.0742634124506266	-0.044042160707262946	0.1618630864962798	0.081077796217417	-0.12186773666991335	-0.17485523294006378	-0.017175627498261174
4	-0.015933061448100944	0.06045286061976384	-0.1470771915734719	-0.06823264055726926	-0.06238822068822508	-0.08979961016618036	0.001691676683468934	-0.1237243317107864	-0.09731951380908747	-0.01649985194586329	-0.07901396307120852	-0.11795796022660991	0.28630775698730165	0.0329091113657335	0.03250341821908755	0.12347894634277091	0.1400040513527776	-0.04011182597707287	-0.09698172544181899	-0.0913630180788382
5	0.06577936956732448	-0.08373063818666981	-0.12947075662062393	-0.017962531791268457	-0.07467901681871267	-0.053956675152544174	-0.018812743381945708	-0.1695717678803044	-0.0972482187214335	-0.00515288428089938	-0.13854021988604875	-0.1859992478653176	0.32435901644118786	0.08635373182901425	-0.00244222385999918	0.15365560013294735	0.046129496750304984	-0.09586831588865079	-0.13362671639178172	-0.17189951166462272
6	0.024241524577412753	0.05053165640007681	-0.14388979103213373	0.009235356183672126	-0.0958454727647165	-0.10890902513153009	-0.03212813833582849	-0.09680087159304718	-0.11330826371485245	0.03769005326289415	-0.15160070502033443	-0.15238542184034065	0.24766710179858706	0.04721492590746287	0.0064549277818036314	0.1517510367952342	0.1052784430467794	-0.054390329262976954	-0.11286884558045189	-0.18268943541234042
7	-0.027890607019329983	-0.010026464382283768	-0.09646132446421297	-0.025224132189250785	-0.07454182787203799	-0.056786078557405285	0.04974530399001409	-0.08115356985656334	-0.13518890620327834	0.013848315046766467	-0.10617221061694421	-0.16351457340268008	0.2713638418427487	0.056081947622821	0.009688845130312073	0.14348473940334183	0.09574808937895733	-0.07237902732571225	-0.056613431176120235	-0.13993478943402946
8	-0.01677956122919818	0.02816210319340966	-0.11293349515704186	-0.0476192621632701	-0.11268139735015469	-0.048083990955080654	0.03373370195841826	-0.16603054788366062	-0.11408427230465666	-0.017515050238731497	-0.14661510196444028	-0.0936255069073131	0.2762942512938411	0.03674339299702315	0.008364031630018332	0.14594704949651502	0.1243309305835868	-0.04697030289451489	-0.05852874463296068	-0.06494384623561435
9	-0.03230394062533311	0.00042720073627472156	-0.08419013593634025	-0.018142103290386923	-0.11396584820085665	-0.01741166846293447	0.0038578761264633937	-0.15384372721257644	-0.09702593652323369	0.024078209564599006	-0.14870764561571945	-0.11672913100295067	0.24691221706725308	0.0764958357242457	-0.006490743685779239	0.15808072028671946	0.12286383801760395	-0.09155654010476394	-0.14178572616980784	-0.1832143346070891
10	-0.022510148300079517	-0.006902718767700835	-0.11431520391557978	-0.012083231271481159	-0.12596868150744978	-0.09418522353515012	0.1005994685336116	-0.1553581398090188	-0.09761158333330983	0.014870357592598702	-0.1480998470968505	-0.10664297849470639	0.2786059310542812	0.06639127014189458	-0.0025379133652507087	0.16798998181141056	0.11373791908144396	-0.09305799527980926	-0.14229293335173027	-0.14046008536865842
11	-0.039848535392411726	-0.001277786620941933	-0.08382584289622202	0.01980973660619084	-0.06325150526681828	-0.046374334494282736	0.012270401397559073	-0.15825577115298056	-0.12595748064015197	0.001964319174698941	-0.104916390046554	-0.16275114579779337	0.2785129460804336	0.0287728935816803	0.01765503562856959	0.1508333379508763	0.07240164743479367	-0.037044816927233645	-0.14010658355768058	-0.09959651140214808
12	-0.023906375569407858	-0.01606163648573979	-0.062471710913611415	0.01569010531021539	-0.12903770746248255	-0.09441885422444808	-0.031648039450886914	-0.12214801445803067	-0.0768191641036051	-0.00927864681769333	-0.13260482798383913	-0.05936932403707162	0.24862107702074088	0.08985813569990454	-0.009891603209846386	0.16099251910946255	0.07817431300014673	-0.034220405358259175	-0.12616534314650282	-0.16022521917473762
13	-0.005115775526958445	-0.013602661379615126	-0.05901557482840864	-0.008410895453886347	-0.148194972863548	-0.053465667048506534	0.013274567728165406	-0.12799842105381154	-0.06728387039924259	-0.0234314079756438	-0.11991729856465413	-0.09843456983203373	0.2830154085765772	0.03076974639318049	-0.004675185827162658	0.13365058879606798	0.10361970137815261	-0.05111595958244575	-0.1918704200811731	-0.12455831893435886
14	-0.014256403362952514	0.01914479195766378	-0.07568226990210024	-0.011131256097933058	-0.09790398479172555	-0.057695238275058534	-0.00016036323772289704	-0.06739125052398902	-0.1179863406848826	0.00495605148985029	-0.11555378193979243	-0.12683177206343105	0.2540787220278082	0.0037818587723217607	-0.013564243402461009	0.15995786984154478	0.060035305756908706	-0.03903520199499101	-0.13797862802203748	-0.05143628232804351
