	A	C	D	E	F	G	H	I	K	L	M	N	P	Q	R	S	T	V	W	Y
-14	0.039600257192883355	-0.2569332890847706	0.04467231233862489	0.10737035414476225	-0.279998593153464	-0.0972013128804301	0.005300707673428747	-0.25048255823005405	0.09188006428583793	-0.10318483437715917	-0.19645254170338916	-0.20051139818025665	0.2224333956304789	0.0861861476162833	0.09684500372990147	0.22572320155175293	0.0661192021414165	-0.20041872892099052	-0.38833806794230225	-0.2761945295744316
-13	0.007916422410601264	-0.3780673876278453	0.010664619257368554	0.048219625700750654	-0.19544526141320626	-0.01917884829913019	-0.025313053131171714	-0.2986379023726025	0.05023716385438526	-0.05012186166842612	-0.13691348281610224	-0.144443509487007	0.2691690982117297	0.07496604014206258	0.14712760037967326	0.17944139929706238	-0.031949592332964794	-0.09912492192670243	-0.5241954233060834	-0.20325159052240663
-12	-0.0014252406677759367	-0.32337587193386147	-0.009184430211909374	0.11976088547543355	-0.26647102059738886	-0.07203366045898771	-0.05773785135872173	-0.1622905215031385	0.09216333211948756	-0.05094767382427375	-0.1015271223175051	-0.18452262079052817	0.29209968744990367	0.016148281008528245	0.11518198764644022	0.17222878847981404	0.001986701770399577	-0.1642828590912558	-0.20468608460256307	-0.3318639821593804
-11	-0.01518005973797804	-0.30700205361513555	0.027404106227665703	0.07891897593624995	-0.30700205361513555	-0.04220385929114184	-0.01182123029742096	-0.2759895557917851	0.11139863985637245	-0.11991541025799103	-0.22137305101676819	-0.15132387450961512	0.2930883448499225	0.015488760028473828	0.14099736219800774	0.21587669166520204	0.02304643048358147	-0.08820099708078444	-0.5256807564419853	-0.4209454059219722
-10	-0.024957897675856305	-0.12073840554294282	-0.01066694647691552	0.09759377035057638	-0.31625821643695007	-0.13871177655484376	-0.13028372344917327	-0.3398642968238259	0.11057564457142065	-0.12313121865883307	-0.15852696643234268	-0.13095757072462888	0.31314119175958816	0.06925146302929731	0.15396265139868928	0.2349268456022691	0.03268886887679462	-0.1585269664323426	-0.3374475155068882	-0.2796616394616102
-9	0.033670504836121724	-0.40107215174366456	-0.041354781440345385	0.09497702711404228	-0.38086876565537764	-0.033814595675394264	-0.020561293268258254	-0.30143928040013485	0.05239920535840301	-0.12362426826551165	-0.11227661249669499	-0.1636353037027087	0.295050009719528	0.010277671253319258	0.04625963214414223	0.252107058517081	0.06933762727468265	-0.07448805160729523	-0.42226145081360267	-0.3115631533199129
-8	0.0167631774590385	-0.4688394488579062	-0.10566154644508044	0.1308793266551537	-0.3175717735272571	-0.09365659107378457	-0.1827498029868615	-0.27229656450632	0.07323775846363861	-0.08545816035679346	-0.140535368327263	-0.16445581118633715	0.3607095594391054	-0.002442059530016809	0.10989711388743234	0.24861396117212575	0.03651495143889873	-0.1457158808310433	-0.9671500026475067	-0.28097519655191716
-7	0.011664044143949578	-0.344883279369863	-0.0681858617461616	0.03881629018756434	-0.3359284367169366	0.039142214767141324	-0.07822218533714435	-0.29100789858700843	0.04312956606916343	-0.17359090319595047	-0.01894593211832691	-0.08440512739737568	0.31241009440265205	0.0737413281620256	0.10136140887672965	0.1904047238922945	0.08383706389319691	-0.05327676278906507	-0.5701925610957259	-0.4530282213528045
-6	0.046725784496404854	-0.383325652173342	-0.10729792547941647	0.05935177734342322	-0.27859030165332904	-0.06864077533668031	-0.19538156632266068	-0.1899528146112625	0.02453773906634391	-0.057423868723909234	-0.19214572232343763	-0.11370412076098493	0.4067875853632732	-0.05523096101173411	0.0878195746105517	0.2235709474083641	0.027146122173872092	-0.1438917277558729	-0.7257483329955483	-0.3597775303985525
-5	0.0364429714367376	-0.3461899203913164	-0.12434117077496003	0.10238343017385886	-0.33723507773838995	-0.022761279633418428	-0.00894775207289048	-0.26315631086724833	0.06859464492845108	-0.11489961454211851	-0.15236989437520354	-0.05451824823588513	0.3612132514815652	0.04102622288894808	0.04024492587539651	0.2200795821705892	0.01596442632287244	-0.16212973166435982	-0.5714992021171793	-0.3852539432309588
-4	0.009054681540064556	-0.7277038836853541	-0.022103300450322123	0.09056458990627209	-0.36597604766776115	-0.06037716084480007	-0.31128046931930325	-0.1732261523333141	0.04551214902277747	-0.12803670547328191	-0.23868340566598384	-0.06450714900340937	0.30980073179876716	-0.0020312468004847406	0.02109197334575259	0.33326752800448695	0.06964582873949675	-0.1563127121238436	-0.7277038836853541	-0.3382519852388354
-3	0.030415439416843354	-0.4980671833814928	-0.18444806040949108	-0.07065868593865948	-0.2661181068608106	0.08888844477155047	-0.11711608717766088	-0.1694907456570061	0.021769967302125416	-0.0726602810477257	-0.34529935290843544	-0.1688599619848916	0.36187336287949307	0.03527699557700978	0.24875908078670947	0.13333852164799728	0.029548583875743932	-0.07971270988947812	-0.3694941621180987	-0.5209077942580206
-2	0.0890753250142877	-0.16209593803015465	-0.12823767076918727	-0.04268240863825288	-0.1924785670238755	-0.12531311775187062	-0.17821164573102583	-0.2090608638837888	-0.16669592258836294	-0.14033579239245536	-0.13738105020905703	-0.20540362558148653	0.5816638463361694	-0.09756885100273532	-0.10745406484589516	0.18672810283808638	0.047853588286493984	0.016006221034499342	-0.973335710783444	-0.5782066794452349
-1	-0.04160054234197044	-0.5261776794412248	-0.09219256658454787	-0.06029135369644743	-0.36856982607955674	0.16389861173481143	-0.04280747544456091	-0.261448933343477	0.001277446245138881	0.05573573716381423	-0.21841430111827528	-0.16510903072231356	0.2451792000437636	0.1426399076646948	0.16419215313287636	0.12982325150161378	-0.026933409663038605	-0.005773553288742684	-0.6211531926720817	-0.5589015242498482
0	0.0	0.0	0.0	0.0	0.0	0.0	0.0	0.0	0.0	0.0	0.0	0.0	0.0	0.0	0.0	0.0	1.2291479883578558	0.0	0.0	0.0
1	0.0	0.0	0.0	0.0	0.0	0.0	0.0	0.0	0.0	0.0	0.0	0.0	1.2924298239020637	0.0	0.0	0.0	0.0	0.0	0.0	0.0
2	-0.16282305346136441	-0.4743781632326141	0.037219571638034424	0.2307740733540974	-0.9167373116930646	-0.0991953054484926	-0.44792582786732565	-0.3268217395719016	0.004647298341841635	-0.229299572897783	-0.530078313430716	-0.25590915426763833	0.5789765090785824	0.02678133235448714	0.0005297183865313818	0.12522718985047135	0.14688029013655549	0.007107896889498457	-1.0976274536305146	-0.7158623838502869
3	0.012521349399022394	-0.3666259460036355	-0.20882867874847869	0.023322572830793246	-0.4496001810683995	-0.08704049154559251	-0.0037217873640731044	-0.2651089307855544	0.18921402833933798	-0.15591625730006695	-0.36037699672663404	-0.15770225494489012	0.4262074211938724	0.06710232657088556	0.19144189847356788	0.2389771012254034	-0.045887453616334936	-0.21344396641216623	-0.9713918307075229	-0.30590162347178446
4	-0.08527790858018121	-0.4489502827325251	-0.042306686538609035	0.08413047990086218	-0.36597604766776115	-0.08106175970465114	-0.24433367968869002	-0.21143050500354338	0.05289410264537697	-0.0912490541808735	-0.2505826289656916	-0.1410642512248854	0.2938907299094796	0.03242426256501699	0.07794354028464863	0.3026787453083668	0.15658253948388395	-0.07890048881506545	-0.6697119367076673	-0.44091432713598305
5	0.050935429475151076	-0.4261858252445114	-0.14218916887931043	0.06697979426500854	-0.48417777222219816	-0.02824581657247374	-0.445490980439898	-0.2528346035548589	0.13741591426427535	-0.11805548916259119	-0.13429920902039993	-0.2743244458133308	0.39899837765005003	-0.03896968196424687	0.1986824585731576	0.17900987993630957	0.028271444839207335	-0.05820903994991695	-0.6180713514834245	-0.455149521179828
6	-0.042512001452829074	-0.3648363801446518	-0.030947853833813644	0.03734659510678875	-0.3033183422254368	-0.11007450941164083	-0.12450422483428229	-0.2747488267073524	0.12583306259351162	-0.10127438411580746	-0.2259618655930593	-0.13992458370177605	0.3337632237579097	0.02613991200891947	0.22100404255120112	0.2554446825402	0.013128782402223342	-0.19975517725347472	-0.49248101012887663	-0.26368340055719247
7	-0.012029203173052734	-0.38299886925205245	-0.0990022128868516	0.023766004374068325	-0.21353818909538433	-0.035944699272069176	-0.09592331039935678	-0.3035693839968097	0.008876416603503069	-0.0469732128828416	-0.0803269265210945	-0.15477002299792045	0.3437094578162158	0.045609959186437024	0.0802258738957439	0.23091394887090996	0.09255816387780438	-0.14356494483458335	-0.24830029535459625	-0.30296939152481467
8	-0.022917065938235653	-0.3828353855377548	-0.14459621973322914	0.01890868671331513	-0.3102847183891431	-0.06557308581328249	-0.24188786236329707	-0.1441825665141263	0.04296602079067143	-0.08441638660736678	-0.14168148072601183	-0.16006943498512494	0.31380595647968135	0.01606651606770439	0.14923512045381138	0.2809908829170404	0.04795796634817042	-0.09455289358246868	-0.2693261107102367	-0.2528319328486785
9	-0.033602440731973285	-0.29323975123772944	-0.05321703269278643	0.11241439420774833	-0.18678442032344258	-0.08061763505975392	-0.08633135141430959	-0.2557547866430442	0.13801292854072567	-0.0970576030460553	-0.2852708215664541	-0.15941488402188056	0.31756262407440805	0.06401316866509185	0.18900259028038213	0.18782649784937022	0.036023390003394225	-0.17493159352844256	-0.7246035153967167	-0.4525372156680521
10	0.027543332304843068	-0.46818316693187967	-0.02448566769916694	0.007899105278124853	-0.16715317126789844	-0.015195591928936547	-0.020725518825860136	-0.17821859741805848	0.10775230765063246	-0.1535803640786246	-0.32551566336314813	-0.11141145980062246	0.35287773113961285	0.0022169648496836135	0.1418457540673581	0.18897434121090118	-0.017186428957667473	-0.12139568070722337	-0.42242567637120454	-0.35748486943818997
11	-0.029669937498161287	-0.5768347732642516	0.01128295574207241	0.09317153513645059	-0.2836301151122269	-0.005607224001710806	-0.20387705267929107	-0.2017260107291288	0.08824854232707498	-0.07777814817911312	-0.17889476459221396	-0.1259823431438022	0.3002492906259633	-0.0012929145112942464	0.11847027698536193	0.22635647146142276	0.050253223765641834	-0.22028744975043904	-0.2670308532927652	-0.31123451578481864
12	-0.06889548114975463	-0.44272725381722045	-0.022510850434030543	0.09678761882157673	-0.1651783540027621	-0.05923365745877042	-0.09198261509514741	-0.23624170982820739	0.05911713156068163	-0.1170411616967323	-0.11942086344208701	-0.1674285895131728	0.3033427289549828	0.08070863648103305	0.09469543594357882	0.2090473805688338	0.05911713156068163	-0.07267745989976075	-0.24435960005038695	-0.28856326254244036
13	0.03465866791417595	-0.32238470874540415	-0.07839321405178709	0.05548531715129941	-0.29707884348063385	0.012503554179544503	-0.09978132039546617	-0.2459435000638081	0.06270629758428847	-0.03591343325234791	-0.17625667306716608	-0.1551360860426056	0.22531762025996557	0.10464198868321073	0.13558619187903262	0.1921052958286452	0.05289131529068973	-0.14541697213309418	-0.3349738360534246	-0.30859642425977085
14	-0.05453774381018841	-0.27233898526836237	-0.04104867941916449	0.08580647981667676	-0.10671315989084623	0.028271604779341097	-0.047801097141224866	-0.27351117081641324	0.014800950067180184	-0.10566680673119513	-0.05831557316396262	-0.12251655081189425	0.2431786603656061	0.017967145003845705	0.10184950756913666	0.21835507664057385	0.020195981953886367	-0.06191969743278788	-0.38850379756915726	-0.22858747740528595
