-5 A 216.75698444801822 -7.64481252323494 25.52313685640852 2.397354777602025
-5 C 229.6962933001211 -9.25548896633981 29.39271259400362 3.1594928051551405
-5 D 209.54023621475528 -6.957702415663735 20.758412081818012 1.9615327040031074
-5 E 260.43588042323825 -12.556319882021846 25.5559293130189 2.8924425159035625
-5 F 206.08111928867848 -6.5874609611423764 23.500658008109333 2.068839563172312
-5 G 235.15472028507415 -9.406109655608232 27.267100786951655 2.760553594286699
-5 H 231.51764862525405 -9.384593732934514 32.417360427662835 3.590585482950235
-5 I 221.44922421483506 -7.957324351475393 24.804998760104755 2.321982569873988
-5 K 267.7587451850257 -12.75528228343833 33.357031034414845 3.798874777674591
-5 L 222.80603976226791 -8.181884608103687 26.358020528246215 2.548991292560944
-5 M 188.76653299125593 -5.244145370085429 19.484471289861798 1.5591551341617247
-5 N 198.22011924280693 -5.957006473048446 22.13596190817739 1.8243368238275073
-5 P 371.9503725153079 -25.714621229351888 46.16828618452088 6.280358447740593
-5 Q 199.36833971921976 -6.144814201495993 21.49196673759653 1.887499329672199
-5 R 245.469775175626 -10.506589014995702 32.928182027804 3.5180431970512034
-5 S 402.1931833094659 -29.773567739972947 51.10144893809663 7.06366267192518
-5 T 227.21217779052924 -8.53897441266249 29.406214935084854 2.7613911682951744
-5 V 199.74893166605298 -6.053437608747203 19.480012372298397 1.7100112457194563
-5 W 189.742852719473 -5.394225588142856 24.94299624587995 2.101002298846463
-5 Y 206.12580246257298 -6.657646870649696 22.09169212191645 2.0028966277879956
-4 A 239.12206693593657 -9.970108428760152 27.06295500663872 2.70224177315406
-4 C 219.45006017459946 -8.03683609183723 24.90497343661791 2.588632043696769
-4 D 220.42399747788303 -7.924188120322157 24.689139990613178 2.321310669887632
-4 E 299.2703099928824 -16.825830367349695 32.60405651787099 3.963679787030598
-4 F 218.55920321182077 -7.874623041017383 26.273552078070196 2.434325873683486
-4 G 249.73279796135205 -10.78735586075428 30.32766315554939 3.1371318915925412
-4 H 194.18218429678217 -5.7304996071188 19.32470686253401 1.763646963939844
-4 I 223.59600773511337 -8.163776537119135 26.793343694205504 2.501785514277192
-4 K 275.62087709364795 -13.497995780227916 28.129897141643873 3.1776707664559973
-4 L 213.8175716558202 -7.321353584005784 20.35417493613812 1.9101469513092841
-4 M 184.9058552111696 -5.035674532041053 19.770523982865203 1.6337281547052154
-4 N 213.4713372697213 -7.297096128444154 22.774688184914904 2.013473478111823
-4 P 333.9678424805471 -20.661803170268662 41.02512572474565 5.195036388860256
-4 Q 210.6391359821245 -7.074254291963786 27.754867151908833 2.5893631994250668
-4 R 232.3670809428144 -9.171264071852882 27.461061848208207 2.91785045447162
-4 S 439.8390663615212 -35.18063066389978 42.14559328909877 6.329398930601157
-4 T 259.1635929526134 -11.733634667966223 34.833468496953984 3.7472524196160317
-4 V 196.23414809378014 -5.7215938175993974 21.58374472804107 1.776383438363016
-4 W 191.12501706919028 -5.523097835892131 20.556455926378 1.8202083678861405
-4 Y 208.30933249046774 -6.911317553605682 29.008268830747024 2.5382165234065797
-3 A 249.12687204359344 -11.091088708240754 32.10951890002311 3.646754735746924
-3 C 203.74049474615134 -6.5055001447124186 24.336922238244803 2.1297792426580813
-3 D 226.61853205686862 -8.615203320237178 25.22612544086053 2.4405720945289255
-3 E 279.17554973478985 -14.380864645940992 32.76737471586308 3.8280237380097817
-3 F 214.83614902318905 -7.28049091064807 22.33773043746267 2.046902348253592
-3 G 240.29200259566528 -9.964201796114537 27.367414461355608 2.7997171385418995
-3 H 207.75532174940133 -6.935894632810274 23.288683825043226 2.191977946202248
-3 I 226.660077135498 -8.473302221800504 23.355629271033965 2.1966377521227987
-3 K 293.52492249310495 -15.658491405050315 31.871582413308182 3.7190061053132477
-3 L 210.79550450307866 -7.042588016528365 24.045198610557243 2.173207036483537
-3 M 188.25397365147793 -5.2453637891370795 20.25177018977425 1.734825107061834
-3 N 213.01275295269207 -7.310272765473842 25.02071145021567 2.3884322749844435
-3 P 397.0011437442951 -28.930387583824672 49.094912466095906 6.945084171197322
-3 Q 200.79990695518626 -6.2227069631391805 24.360610693950488 2.05947042821807
-3 R 297.27257947274927 -16.271616498137742 40.679546876589654 4.976564504213727
-3 S 480.2212314352017 -41.07059111877913 53.40701232882768 8.0981762033484
-3 T 232.66534346068758 -9.064014842754434 32.495158805026996 3.306778856183428
-3 V 193.35581901518057 -5.568157548179715 19.431587931885797 1.608280175289909
-3 W 191.05900462860131 -5.431834456626873 21.576423173001995 1.8901683382124397
-3 Y 212.09797322257543 -7.215087449199047 23.7918296952091 2.1886093681731826
-2 A 249.85983795809568 -10.969868993438368 30.5282969879171 3.1172340739587177
-2 C 228.57430781806477 -8.927682424033447 28.441605443541775 3.178870735989091
-2 D 214.331544742869 -7.312478886153189 22.19541009824529 2.0307589870814193
-2 E 277.8583097952783 -14.373811171250138 33.888311141892586 4.045206993387574
-2 F 217.05771818296733 -7.618134010662853 24.097638088579423 2.232588705041106
-2 G 250.76167002351255 -10.842790230701382 25.7367783881193 2.7454097268088433
-2 H 195.13185416554214 -5.796671326659753 23.43696457094906 1.9273297216546261
-2 I 240.05787986938435 -9.70550286229225 27.5253546273695 2.806856333877922
-2 K 266.32210227812 -12.570035155383621 31.80394870271728 3.4343135870549513
-2 L 251.8564405860104 -10.846438115171095 27.202674210776355 2.8273194745080596
-2 M 197.69443357551475 -5.942356389708815 24.579317249562067 2.0487615588694834
-2 N 222.4678708271038 -8.063344065811876 21.310343210242024 2.0412549057396214
-2 P 364.79371337002914 -24.374311278691753 39.32541986724281 5.166918476092507
-2 Q 195.4597677773701 -5.808065419179376 22.855419337027403 1.851594776797392
-2 R 224.25295273370332 -8.334929229119266 22.659219821044548 2.1823284914407988
-2 S 508.9370823711533 -45.1734900983672 49.36272570888603 7.571947854133669
-2 T 249.85201085605092 -10.821017307201439 31.50441292785743 3.5555381957487024
-2 V 192.23284636534052 -5.5902768934456875 19.174372327716313 1.7541299874200273
-2 W 186.22337147083346 -5.045403188176803 21.296129780747805 1.7156842846095233
-2 Y 211.2035971453187 -7.060127568761502 23.285530243267694 2.1147513957228745
-1 A 238.92024505327413 -9.960778847654403 28.536134056661854 2.8596040658863857
-1 C 253.62688544272925 -12.047491126908628 39.91091913940361 4.930503724084425
-1 D 216.5550165468445 -7.5837062958329735 23.30752308959664 2.091876365457302
-1 E 253.7627090211155 -11.311916244363863 27.81860784014821 3.011198712438274
-1 F 223.08913717206468 -8.355082949246347 26.1131043569427 2.6508269365279316
-1 G 263.481436272805 -12.172106634069197 32.808143520147226 3.5982505028467684
-1 H 240.91899750600476 -10.533361106841586 38.63024025180913 4.417218172030634
-1 I 233.20650393288227 -9.093784092152221 21.232388991760207 2.087173378166785
-1 K 283.5993497533141 -14.430161921756776 28.67985482492835 3.340438694592499
-1 L 236.5432074338662 -9.291420186075209 27.213839824159365 2.7704466823209657
-1 M 187.35995053848197 -5.051348439331334 19.63141676436775 1.5477227237803897
-1 N 208.17426529123037 -6.810287220071155 24.13094535384256 2.1832009346966994
-1 P 383.6073287856949 -26.8463505839191 45.727961368138835 6.2371338159762955
-1 Q 199.78079406109813 -6.021548434162188 21.132733305091502 1.7396145830285183
-1 R 294.4675016163761 -15.885207250728037 39.51497320389727 4.748247669574006
-1 S 457.9285805513365 -37.33769082135623 48.18112726716433 7.065442392354765
-1 T 236.61265514417738 -9.479969710221082 33.800445013758434 3.3489291524618703
-1 V 203.2447246283498 -6.44247827514958 23.620282616384443 1.9904137154101482
-1 W 191.01656059033527 -5.5220606230084375 22.16499941453676 1.8664029847519175
-1 Y 212.74387825974856 -7.255868133294565 23.48976413651711 2.1237723817577865
0 A 0.0 0.0 0.0 0.0
0 C 0.0 0.0 0.0 0.0
0 D 0.0 0.0 0.0 0.0
0 E 0.0 0.0 0.0 0.0
0 F 0.0 0.0 0.0 0.0
0 G 0.0 0.0 0.0 0.0
0 H 0.0 0.0 0.0 0.0
0 I 0.0 0.0 0.0 0.0
0 K 0.0 0.0 0.0 0.0
0 L 0.0 0.0 0.0 0.0
0 M 0.0 0.0 0.0 0.0
0 N 0.0 0.0 0.0 0.0
0 P 0.0 0.0 0.0 0.0
0 Q 0.0 0.0 0.0 0.0
0 R 0.0 0.0 0.0 0.0
0 S 0.0 0.0 0.0 0.0
0 T 0.0 0.0 0.0 0.0
0 V 0.0 0.0 0.0 0.0
0 W 0.0 0.0 0.0 0.0
0 Y 0.0 0.0 0.0 0.0
1 A 222.25388802221886 -8.155177645242066 26.06625166056635 2.3813344098770863
1 C 249.04929792041688 -11.389873925570045 30.148956628927817 3.5462867248340246
1 D 217.54071594789357 -7.600276852296826 22.406657458432587 2.131606119970986
1 E 277.8857571949985 -14.183107745287177 31.553845782135642 3.670247488577397
1 F 215.08015124732407 -7.373153465721908 24.392210755608303 2.2285204413125035
1 G 261.95351345379964 -12.00267619645487 29.60415273254288 3.242921639701498
1 H 208.43495383883615 -7.06602257666734 24.47231915546769 2.1991313463786537
1 I 217.64661086132 -7.598151540754989 22.65393461000013 2.0779138191411506
1 K 277.72402621758096 -13.703063284270044 32.11920450665566 3.7253364908938127
1 L 232.1023848818845 -9.052757039827577 23.2477956601483 2.287879952475736
1 M 182.47893644610457 -4.693824459101538 19.995463762116504 1.5667448098527486
1 N 214.535975584925 -7.33417385350743 24.02835966821955 2.2047542483360068
1 P 396.4720369003269 -28.633804251467442 44.19254012402973 6.224495444752503
1 Q 198.09289712173086 -5.922579475473154 20.637889783921732 1.6363466335348997
1 R 265.2100959673198 -12.563786610307018 31.730234361026216 3.5513692249925533
1 S 477.24472278574774 -40.37088646627349 53.846007112516084 8.146221363247049
1 T 243.74167388496272 -10.059954407330478 28.055037507799746 2.925317182261872
1 V 205.29175898604447 -6.564717379979922 22.56560610531183 2.007782532027147
1 W 191.4581538173727 -5.4927153572992635 22.5949117791601 1.943681802778752
1 Y 211.8575557286783 -7.202758662990166 23.08966856930605 2.102011763663286
2 A 247.30008939837833 -10.662264784508281 25.993176178813766 2.7449911393768587
2 C 236.43032952349517 -10.086962905696435 30.06088458380357 3.685372083104036
2 D 211.44358202270877 -7.177505564542897 24.60518040117884 2.2722192385366253
2 E 319.04165127799934 -20.21106460008508 31.650039328001206 4.283182505518036
2 F 210.62977352320308 -7.019132704810485 21.802279810310626 2.0756983826672735
2 G 247.80869204442337 -10.652424364794179 27.16753014537709 2.8995941395069083
2 H 199.34914409800717 -6.16380571500503 24.59370264051566 2.117897782202405
2 I 231.71693257262913 -8.94289361992245 25.32088940277227 2.3855055018825637
2 K 281.4714774606137 -14.201516081986668 32.889216073899426 3.833477623607621
2 L 240.93032424950906 -9.821798446900454 24.878474084499953 2.564061783031867
2 M 197.9908941478369 -6.026549227590145 21.262611863314927 1.884422330674447
2 N 214.38101183744823 -7.433376982993057 24.82612331804664 2.248687593542329
2 P 351.1927838838731 -22.73447807013003 37.47336692878221 5.025161820452414
2 Q 202.6779449726226 -6.445861781170716 23.65008223184513 2.046202046449607
2 R 229.22532791302183 -8.79547078317357 31.51784644032041 3.1282803239250936
2 S 518.8722785275431 -46.80266074764092 54.786436675594686 8.533748512382944
2 T 264.7505537189153 -12.489768982564815 39.74416581782322 4.386051956368902
2 V 191.43075322527577 -5.397373540801575 20.673351123771656 1.6528323387776735
2 W 189.4409038680825 -5.315463149257642 21.69408907564116 1.8479447470757102
2 Y 213.8767102217447 -7.3972687576689315 25.368089724920956 2.4008343709562694
3 A 245.1367317073991 -10.446016630342482 28.65512152240987 3.085818998471849
3 C 219.42841995944528 -8.036615221645508 25.67654095993828 2.591942179736589
3 D 230.21810665833283 -8.89443379757318 28.923860226094284 2.8933960698031234
3 E 319.1316652858975 -19.748709347020835 33.29643597021499 4.436282625196144
3 F 209.13274698883936 -6.92687843480015 23.711552153690945 2.131432677995322
3 G 239.54027930051484 -9.616301148276456 26.418770153025857 2.6076498153744825
3 H 194.80035590212898 -5.773825930784429 21.310012174280835 1.7569614220575875
3 I 220.34562075092984 -7.888525019745933 23.481848600511956 2.137729510293135
3 K 296.8435848522476 -16.068101966331316 34.57304037769222 4.119972604755364
3 L 203.3992700800198 -6.394194559770785 22.974853505778892 1.9137055800894023
3 M 190.80772772312778 -5.375690938841756 19.28806582420864 1.6232653505731762
3 N 213.22873133501227 -7.314785308830422 25.81812934125009 2.3076391922652295
3 P 381.94495933139956 -26.911858119970063 45.34796502389936 6.357415965002172
3 Q 212.00810086689359 -7.129719247731457 22.43548165025047 1.9520276962722902
3 R 272.41595592078016 -13.256803010540935 31.609307391225972 3.6718107750465356
3 S 452.67907074451597 -36.8575148079691 50.899765695712254 7.549700805856729
3 T 224.59312335744693 -8.243253003304817 27.781306742087338 2.682663176140249
3 V 199.25874602374085 -6.056197480826358 22.23738076982249 1.8789450037111852
3 W 192.369177262535 -5.596125951809751 23.58344260472535 2.024410364649896
3 Y 209.7070872572859 -6.984897622485471 19.891868862468815 1.8046303079285484
4 A 227.64870307319026 -8.695757579074657 24.50152977619154 2.4987639816938434
4 C 232.80502521247604 -10.01952012940428 29.608183290935184 3.5535316044644887
4 D 211.10889846409572 -7.067628773800691 23.247255899892416 2.155239469449534
4 E 283.1822621025869 -15.594895878736112 27.839896225140897 3.479866298244924
4 F 213.68307002528695 -7.365667851166073 24.357862046456432 2.2670125429044883
4 G 248.02098512593528 -10.63493865380507 28.31547670210119 2.9850904910817673
4 H 203.25729434708853 -6.445130211352937 23.311855390194008 2.044270860994256
4 I 225.7842995795427 -8.54073588069939 26.91545671810779 2.674481476766147
4 K 275.4125295675208 -13.559910606975 32.475847693479615 3.6554562857705104
4 L 220.5308843855256 -7.880142254128782 25.96483617268599 2.5159120070986614
4 M 191.56181185371986 -5.48401063633037 18.155704796709436 1.6129785978865647
4 N 203.9535118152062 -6.497385779098284 22.539450892780412 1.9361268318257412
4 P 350.62098341989565 -22.385931810223745 38.380661503989074 4.942881243158565
4 Q 206.57074901631654 -6.62637428054567 21.157362625030242 1.852512170418402
4 R 224.60643413857738 -8.366675694724785 25.78253356781309 2.5243757737726726
4 S 458.3154615598643 -37.73491323149948 47.82754152326621 7.0996464109263
4 T 259.7141757260075 -11.930699118663508 34.175998610771885 3.673517407099866
4 V 197.6311453611871 -5.956868709906156 23.609107414941167 1.9226653821335749
4 W 193.22148769282816 -5.626702824854191 20.042461252461674 1.615408723596135
4 Y 204.36689918150714 -6.535353957202687 25.734122867893152 2.3716834769303583
5 A 236.4223353385463 -9.548401507804481 28.957998811273082 2.93332511154299
5 C 224.41433207681249 -8.57534570304551 31.432848502468556 3.2158414623682647
5 D 207.15750869066423 -6.722474076076236 23.258011209987398 1.9381752240226608
5 E 263.3281138805003 -12.841352838718741 30.416162489150235 3.5427768318726454
5 F 209.4149953238441 -6.8923698461447955 23.008206703926742 2.054059086253302
5 G 249.0089790560362 -10.737596849755016 28.460348780608385 3.095235044679927
5 H 205.57812160261506 -6.738631949080568 26.330140740660344 2.3468201530151647
5 I 215.86291273516005 -7.473424829969157 22.287753459796722 2.0566712725549516
5 K 261.87008802414056 -12.032866775869048 31.113285176987926 3.3200083280882513
5 L 230.74577124477995 -8.827837694482158 25.493193259234864 2.497582018287924
5 M 189.77356066749115 -5.232138269358069 22.224422378929656 1.7958935753145668
5 N 208.0884704030359 -6.737784690911177 20.57937896042231 1.879459244362823
5 P 384.7311056178421 -27.418007894983813 44.42547380863801 6.18944902599685
5 Q 197.65066465942138 -5.952073619945493 23.02693196905257 1.9450030977854071
5 R 250.9483876542445 -11.05124100809402 30.741842053160852 3.2134561782082436
5 S 407.6325203090341 -30.994350959259393 52.843632253668886 7.591753666126119
5 T 227.69137714230857 -8.493678309567324 28.98287984755659 2.716183086415929
5 V 194.2187061840532 -5.6305280779349 19.210981998477727 1.5887684623291378
5 W 190.84963831461116 -5.473379937354816 23.97742334200402 1.9094495799645024
5 Y 214.59927525463206 -7.408398926399835 24.768946761368888 2.2955457730439357
