-5 A 271.3375167960931 -13.1375768179582 25.15011319120601 2.837508795786306
-5 C 178.95228501859475 -4.655637009934944 21.98207334366977 1.9149985357290953
-5 D 391.73494015041564 -29.813875956413767 40.16745686218592 5.684910739737122
-5 E 562.3205872229489 -55.58757391100482 52.9948749346063 8.642322500903356
-5 F 214.42855845431444 -7.407251247931522 24.620710554291065 2.339601249599713
-5 G 287.2902921713764 -14.990279750403763 27.03302200457194 3.184754743752324
-5 H 215.81701218752863 -7.690550098394895 29.359388205691538 2.8132620241627824
-5 I 235.4099357690797 -9.32776098463532 25.02820593141149 2.4522451729454002
-5 K 308.62224824018267 -17.993916902425184 27.936285837892626 3.4232646688893675
-5 L 339.7123146660634 -22.81670613943389 35.16629971924173 4.658665303535613
-5 M 229.81457025506498 -8.773884204102398 24.99786324331608 2.3984388088312603
-5 N 223.5343956577383 -8.680609031210814 22.782226988405707 2.3985633680524927
-5 P 461.5559126181473 -39.151825697487176 44.20778665223606 6.733300182657886
-5 Q 220.91520329825408 -8.081958223326472 24.67183654209518 2.2976154822421897
-5 R 506.4904271762492 -49.143179368529545 49.09771669007112 8.199655956560333
-5 S 313.7776113493294 -19.259170165030365 31.416091376773245 3.894729970942116
-5 T 225.66696659119808 -8.537443306568676 24.93843648242149 2.519737488775302
-5 V 187.5143817630108 -5.1697642427743995 17.921750680586065 1.503894956135635
-5 W 188.77692508963267 -5.587701256980376 26.13728890549915 2.6183990373527877
-5 Y 220.14359278575247 -7.867377198037307 24.263255011360325 2.2493044928517083
-4 A 275.685364470772 -13.981867256158054 28.705648723592645 3.3656890830961257
-4 C 179.51655365665943 -4.6481659150470245 20.627078929852704 1.669157262084346
-4 D 388.0133482261562 -28.997694443097224 43.69806906204258 6.148902638433371
-4 E 503.77224410776324 -45.76592332679083 54.36874934839809 8.619499601018992
-4 F 252.6891426205184 -11.55736527265946 29.538032491624417 3.3012380393900638
-4 G 302.19950703320507 -16.5198808617873 28.40427155513585 3.3591900688492378
-4 H 202.59561674953565 -6.426077659646557 22.715126467661044 1.9664085318339601
-4 I 225.18564069564457 -8.54214895686378 23.61050226580479 2.2416409700953817
-4 K 357.93753752138144 -24.2672309348158 33.67443877040139 4.507014764323606
-4 L 211.692521296047 -7.188239045456164 21.926525283414907 2.0404958733351055
-4 M 188.42727475854323 -5.245419638526489 18.057636251761664 1.5262229108204257
-4 N 228.4110992378876 -8.704882356536421 25.890875936197734 2.430581753649481
-4 P 445.18371858704484 -36.57258293323386 43.16554352325548 6.408340043648351
-4 Q 236.5948904836772 -10.203234016057705 24.338582399267775 2.5332878351131716
-4 R 447.83534524608183 -37.913339444292795 41.48389199766618 6.245841119173888
-4 S 412.4373055809063 -32.86816751262564 35.536310173717546 5.252305570092736
-4 T 248.67020888670547 -11.599653979258312 24.24596249656823 2.8465741234055755
-4 V 197.72161204637646 -5.933027666729921 21.44772081608694 1.8222328795292522
-4 W 188.18125799072493 -5.523650551332986 25.306966743014094 2.256620903228157
-4 Y 223.87458097141453 -8.530033654798066 26.88305780446482 2.8785845994227333
-3 A 314.54933234170807 -18.450153559938766 30.519793658532137 3.807674590860322
-3 C 175.5812394797696 -4.427715374122609 19.344188495511442 1.5026285977031604
-3 D 597.723005184736 -61.50601103747032 67.19499286170377 11.281607161002283
-3 E 612.0547578528495 -62.9690275056986 52.416246068915754 8.648051313943329
-3 F 238.8184850668289 -9.760750897989439 27.484672031050337 2.935048535731324
-3 G 324.03060530845306 -19.35047681585821 30.572423439421705 3.863772637469962
-3 H 208.345211073339 -6.931715460976237 23.268798357653445 2.129179627695514
-3 I 237.73022917317434 -9.758347589797502 25.108273835643363 2.846391289088774
-3 K 425.5926914206505 -33.725588729487285 38.42397400062849 5.730554088788572
-3 L 287.29240470902045 -15.001386133555673 28.485639028930077 3.300725821523716
-3 M 209.44820289909083 -7.1268672505800135 22.778516123960927 2.079913289827168
-3 N 230.42789218095442 -8.926342039807734 24.435974396325907 2.5026517307716083
-3 P 700.7374593117358 -79.44270124268611 53.99074525751718 9.134324342112235
-3 Q 234.90842134825846 -9.259983095574286 25.802874281142532 2.563999236592333
-3 R 1329.9690360844188 -196.319617321487 71.01714202935314 13.659872524325763
-3 S 367.9997807746532 -26.78111760513742 27.08907295006744 3.9071686903895357
-3 T 257.0739915783726 -12.110291291756269 27.531017193196185 3.1595783991258073
-3 V 239.69642283656339 -10.22287691845002 22.641199900215405 2.530684947692155
-3 W 211.81039151590028 -7.425032489584387 23.17801063975528 2.3744908962867393
-3 Y 207.2318407284891 -6.812370821303112 20.92725432690659 1.8597976368745928
-2 A 310.44186101125626 -18.001040158364752 34.68191589227119 4.349799986973467
-2 C 205.60609457591124 -7.138609636985227 26.116066031279214 2.894296579385987
-2 D 568.6025395274579 -55.19247439729019 54.646784528119234 8.739001620923027
-2 E 640.8160440673781 -67.36522449772991 55.598754761344956 9.305415241328662
-2 F 236.7751447407579 -9.623125623428761 24.342321867066445 2.555813814051272
-2 G 310.54967232973183 -18.032868567647185 32.3078545766553 4.138268201939509
-2 H 200.87665887593255 -6.219675221854488 19.958183676709723 1.7297565675060134
-2 I 222.20168494456132 -8.270925301934108 22.806429695958396 2.1537555020165597
-2 K 368.7517578156574 -25.916349993382365 34.07520937160212 4.825952196178565
-2 L 228.55658540055293 -8.582576475485398 23.495337226365727 2.2304478368552987
-2 M 239.27433281006867 -9.942221321948978 28.09184995716281 2.8988715168358064
-2 N 285.9532249995228 -14.973186795023105 31.859760525811183 3.7407333263694484
-2 P 959.4985795940854 -128.5288230445255 62.35090540890355 11.266589276702362
-2 Q 229.64781432781558 -8.90139689698945 22.886668790523366 2.326538340900046
-2 R 685.6208206699775 -79.81415061809271 52.49646191618952 9.41336200411835
-2 S 430.6836632492182 -34.724863078692245 38.30209967817653 5.6411669003864295
-2 T 238.77557374513518 -10.292992977530055 28.700953715452698 3.125278178474641
-2 V 207.98996292714506 -6.784574056013597 23.5746775118792 2.1101017753308966
-2 W 191.6992912975008 -5.439506094601821 21.982823984928295 1.7681548952983854
-2 Y 258.5349640889166 -11.661782738653917 31.123155182707425 3.323546664060043
-1 A 293.0014589356096 -16.533937881911147 28.50277101125042 3.5300384700434724
-1 C 196.80631559830988 -6.204086326268214 25.674379727161742 2.394771579971802
-1 D 833.2152424752553 -103.91841515185541 77.6368212800002 14.079257304954703
-1 E 525.621022902897 -48.50113956994146 54.94054434372139 8.718354519207084
-1 F 222.691628289069 -8.451301200840257 25.955280430606013 2.5039321607400256
-1 G 426.8765213458439 -33.88241741828821 44.78125760309403 6.563454369129833
-1 H 232.3072573175883 -9.351161146304777 26.88791662188546 2.86134522483155
-1 I 234.97189986335383 -9.841820051706515 27.006067429816333 2.765741606295212
-1 K 295.7568338089501 -15.636225591509127 30.99503735858409 3.6044951285898597
-1 L 234.04321014433654 -9.54920214430098 20.073162797278556 2.0398642540919094
-1 M 220.78539399665507 -8.033298356831677 27.426200460004647 2.6332786200995826
-1 N 289.3705994366655 -16.115965305205556 26.590799364660132 3.5678293745698464
-1 P 607.1305471634397 -62.968422264249114 55.18369811724412 9.265977805403105
-1 Q 229.62123860772968 -9.197343766215846 27.599738339250305 2.759973407032798
-1 R 497.75641609251915 -45.20591975841177 49.44057719263173 7.665683998923216
-1 S 263.2277250187459 -13.057869668539494 25.059098221508954 2.876464492323457
-1 T 245.22903170286696 -10.610343100870265 28.10388408036779 2.9930311789360085
-1 V 214.57684551599604 -7.4406147692863325 22.91014436415281 2.078183379643151
-1 W 198.05865624367084 -6.306531441354273 26.66118337922463 2.487487326560963
-1 Y 230.74941946065388 -8.993202967120618 26.016076341807008 2.6650875673748624
0 A 0.0 0.0 0.0 0.0
0 C 0.0 0.0 0.0 0.0
0 D 0.0 0.0 0.0 0.0
0 E 0.0 0.0 0.0 0.0
0 F 0.0 0.0 0.0 0.0
0 G 0.0 0.0 0.0 0.0
0 H 0.0 0.0 0.0 0.0
0 I 0.0 0.0 0.0 0.0
0 K 0.0 0.0 0.0 0.0
0 L 0.0 0.0 0.0 0.0
0 M 0.0 0.0 0.0 0.0
0 N 0.0 0.0 0.0 0.0
0 P 0.0 0.0 0.0 0.0
0 Q 0.0 0.0 0.0 0.0
0 R 0.0 0.0 0.0 0.0
0 S 0.0 0.0 0.0 0.0
0 T 0.0 0.0 0.0 0.0
0 V 0.0 0.0 0.0 0.0
0 W 0.0 0.0 0.0 0.0
0 Y 0.0 0.0 0.0 0.0
1 A 217.61842174255014 -7.779299500483446 23.823991290577393 2.266692153178279
1 C 239.55274302515798 -10.956140926084355 45.3274917223704 5.952285020058175
1 D 1598.8192443942762 -250.99762170980125 87.21595627648792 17.02085861824955
1 E 1029.4877270068725 -138.64482513958592 89.85862272138579 16.893815810561875
1 F 385.11158344354936 -28.558055834442243 37.79611704535688 5.47432000296901
1 G 354.3659009515977 -23.872137565569897 30.83021908604777 4.185485500807826
1 H 204.77612697459364 -6.675526807138491 23.76574569576447 2.274214922104996
1 I 254.43241080118108 -11.542457523982103 23.312962503535072 2.483060403253711
1 K 305.3237410906617 -17.477777026543674 38.48431779985621 4.677871397308095
1 L 361.2880179289006 -25.03369235515603 26.605043834304244 3.5154043916974302
1 M 272.9625242675042 -13.371956255111394 27.395761602752504 3.111368759216933
1 N 264.0664448530795 -12.549982955775945 31.48973614914505 3.5028145993024924
1 P 2783.1948570353943 -486.640045022025 96.87552867041698 19.933905251033355
1 Q 279.9323247209324 -13.838274086117671 26.588132960435328 2.988329121594516
1 R 336.21615999102863 -22.128431082034417 35.27716691685825 4.841793739381199
1 S 383.79988978546476 -29.369942874226275 35.7003748029705 5.159013474480576
1 T 268.2576389578612 -12.736394014886017 28.26321320020311 3.081250642439287
1 V 250.06614124161925 -11.03156340722514 26.668112727912067 3.0590867797001025
1 W 223.53690721546272 -8.312437682611389 22.798568685915033 2.3980500231722903
1 Y 299.3404318497867 -16.329945730347188 40.91345172782347 4.944189384621873
2 A 284.3525950924641 -15.088065648743159 27.80899314657797 3.410631945415922
2 C 378.9540620525901 -28.59487684615363 65.05046734897574 9.541132111162682
2 D 640.9490978763554 -71.03791234380571 56.91887675755392 9.846081830063016
2 E 811.3051252507628 -99.40119027660661 66.88980856420122 12.064729593065906
2 F 218.64818996679475 -7.9019123921582946 21.400082424113485 2.0619687842527963
2 G 331.2781243296283 -20.920754121848926 39.648613197254036 5.377646844993982
2 H 214.63592147047942 -7.924196580957711 24.944460718166436 2.415232912117824
2 I 220.95306942007363 -8.058128735980073 22.733726993798605 2.2472868205970307
2 K 466.148873128029 -39.830578826501416 46.264921655752346 7.163465383029301
2 L 231.5942913107808 -9.367187280875175 23.47878588789701 2.3513712001898206
2 M 185.6110283649571 -5.050088675693206 20.430992259908333 1.6108124079284967
2 N 244.0306029962573 -10.469199362060403 31.045362529202844 3.255258697455133
2 P 599.4242956572433 -63.29455583102819 47.609196373381195 8.065191428642402
2 Q 217.2209810330816 -7.72860863072471 21.901345953499327 2.0961663659052174
2 R 452.03480610361737 -37.69216555288424 38.049035115815926 5.820775642945723
2 S 528.1126458536914 -49.56069613497586 48.20789603203406 7.696775235399729
2 T 244.34893088365695 -10.654397500815028 24.09028839530351 2.640705163807289
2 V 235.3950368427287 -11.03502631542434 26.221386822654676 2.838591101260187
2 W 194.09702631122715 -6.300622303384032 26.459877530943544 2.5573547915169543
2 Y 233.57627433787712 -9.351465151085609 27.59413351697709 2.8998948459448464
3 A 330.91441890506775 -20.58225566827242 33.93825718432605 4.3209673745214765
3 C 208.62815224594797 -7.210774258667174 29.250905368968517 2.830103921752191
3 D 771.4887862705448 -95.47863803186742 59.799371031675534 10.807407007328917
3 E 1870.5724105937886 -306.7040145472913 91.5178887200927 18.296246754583443
3 F 226.83573949844904 -8.512092932727638 23.353180501856475 2.3275788238396187
3 G 432.39012596541374 -35.94154091225297 40.61158749891549 6.231686573293492
3 H 219.87925755842585 -8.103847923140505 23.755322689000995 2.3564360039357406
3 I 224.5471037593109 -8.431418513866728 24.601381319735363 2.428848522265975
3 K 540.7069275531122 -51.835724850659375 41.325419215301814 6.648334696948558
3 L 236.94082800197452 -9.908404434339753 23.802909480720388 2.506030061963557
3 M 187.22315317518198 -5.347574517693899 22.59331877937112 1.9060643715885415
3 N 337.5859644676747 -22.66634779920337 39.48957386975042 5.457351055367249
3 P 787.806225777988 -96.71459550451249 55.556817361573906 9.837335442619795
3 Q 255.86596649442384 -11.725332833272711 27.645549042595455 2.911698969883062
3 R 493.2872502595938 -44.679472465116085 42.36019082855562 6.7428240651341085
3 S 379.9380389310056 -27.500563999830646 29.6556143257646 4.154655740204689
3 T 230.13499805517935 -8.982211169947085 24.979170650836643 2.3859304635533096
3 V 243.39557679537435 -10.184616476174728 26.4901068752642 2.833346768233076
3 W 196.24181358011 -6.4522579682313665 24.616644779542398 2.487130112762925
3 Y 251.15465908208276 -11.068077459828217 30.78448371327585 3.4590386317365627
4 A 308.48343088024944 -18.096868598915517 30.035444602841196 3.822295081531189
4 C 236.36328061798162 -9.60318064446613 36.24149840896575 3.6229911899682654
4 D 520.8768505161501 -50.59284264403475 49.824644704430575 8.03478083979355
4 E 953.5076922527263 -127.30032172035718 78.6373586794507 14.590678917047045
4 F 224.9754729104942 -8.540721204160553 24.652727486190173 2.3703074311108776
4 G 290.175028730713 -15.735708121156938 27.88464590515622 3.3864225926231875
4 H 229.44948243834847 -9.341887705467924 26.746301990702396 2.7435505898132138
4 I 265.3716385250753 -12.718102941619886 28.76400977854706 3.178946066184731
4 K 405.66814639058134 -31.800539831088237 38.42629175322941 5.787614849151929
4 L 428.96471074279174 -35.592713521143956 35.84221882518083 5.485260604189851
4 M 195.23678014532948 -5.842550667201706 21.522556671603247 1.7466583170719845
4 N 229.7530577845187 -9.169839607128717 21.594693405427456 2.247325475231807
4 P 485.05291233635137 -43.00197362364278 36.98693129972598 5.665806087563447
4 Q 223.16620123341053 -8.35470758655918 25.298591436323896 2.5326655357912817
4 R 345.5735150453313 -23.353849946375156 36.28888929704117 5.036948884318819
4 S 565.7148228405069 -61.142049494438155 47.29899056862177 7.760142583081087
4 T 340.64561863591507 -24.554577053448547 45.4403061534425 6.641676403099399
4 V 219.8920729939537 -7.926392295927302 20.458707968218256 1.9775586513081849
4 W 188.93773683411283 -5.40139874754949 20.76039697241755 1.8832785284696434
4 Y 257.7924108055043 -12.088770284019388 34.69735989381698 4.102990065013412
5 A 276.22886914429944 -14.154789124641637 29.34633376140038 3.4778377492598174
5 C 200.96053884076667 -6.630838732888951 25.789764787826343 2.3948171165250187
5 D 547.4563124784357 -55.447726390826176 50.174520018800784 8.321263507993864
5 E 811.0347826127738 -100.95768048986957 66.58904289167765 12.03238952060834
5 F 220.84556420984714 -7.9074906795149875 24.601608622264983 2.2777783809444667
5 G 270.36665910878656 -13.319078965083593 27.632889936723643 3.1183356357307055
5 H 205.87001664896695 -6.63969239859313 24.456746564067526 2.1363064121278823
5 I 211.55125649287987 -7.233844880399692 24.36065026027576 2.217423729664396
5 K 418.1071513179574 -32.13707253350799 35.65992369103506 5.142507626931284
5 L 222.18633068110722 -7.916075148969151 22.301109468453255 2.1122196903287564
5 M 187.1734606163085 -5.061031067078812 21.011975656649646 1.6798986679109806
5 N 244.06544503547244 -10.129708130881868 24.365560416877983 2.4957186495954753
5 P 799.4345976237072 -102.36098102400447 62.11481542573125 11.318429597614216
5 Q 215.0485857252631 -7.427937710225239 22.793103010674447 2.212715482103238
5 R 386.6414811866834 -28.666461369501175 35.27351824457491 5.152370598792471
5 S 274.53762396268723 -13.963733026875719 26.84820485638256 3.055547215575533
5 T 232.9746361775806 -9.178566258437966 25.062450402454207 2.5119153603614195
5 V 212.60611002011723 -7.182308126774493 23.770428146250524 2.2661263467904913
5 W 170.24193975414636 -3.964004669832866 22.380685732337636 1.6955449715568995
5 Y 196.24667281171165 -5.836939317677475 20.64136383794803 1.8599122569494142
